0 0 10046 7 90167590 90238137 1 90346606 T A 1
0 0 1010 3 49359139 49412998 -1 49358324 G A 1
0 0 10481 1 153627926 153632039 1 153633911 G A -1
0 0 10556 22 21632716 21637329 1 21568075 T C -1
0 0 10569 11 537527 554912 1 448175 A T -1
0 0 10569 11 537527 554912 1 535649 C T -1
0 0 1107 22 19036282 19122454 -1 19122442 G A -1
0 0 11090 4 76312997 76421868 -1 76306523 A C -1
0 0 11151 3 52681156 52694497 1 52686064 A C -1
0 0 11182 3 48157146 48188417 -1 48188134 C T 1
0 0 11182 3 48157146 48188417 -1 48301392 C T 1
0 0 11182 3 48157146 48188417 -1 48301771 G A 1
0 0 11218 4 121667946 121696995 -1 121697217 G A -1
0 0 11320 6 87470623 87512336 1 87472721 T C -1
0 0 11466 9 34329506 34343711 1 34329112 C G 1
0 0 11580 14 49618530 49620626 -1 49634652 G A 1
0 0 11627 9 136375567 136400176 -1 136482847 C T -1
0 0 11682 11 47407132 47416496 1 47408907 T C 1
0 0 11714 11 95789965 95832693 1 95789694 G C -1
0 0 11714 11 95789965 95832693 1 95789959 C G -1
0 0 11787 10 73110375 73131828 1 73110749 A C -1
0 0 11942 20 44885702 44908532 1 44885569 T C 1
0 0 11979 22 41699503 41799456 1 41444403 T C -1
0 0 11979 22 41699503 41799456 1 41800680 G C 1
0 0 12028 12 120578764 120581402 -1 120495804 G A 1
0 0 12028 12 120578764 120581402 -1 120529118 A G 1
0 0 12126 19 4402640 4445018 1 4400317 C T -1
0 0 12311 2 241315100 241354027 1 241272035 A G -1
0 0 12311 2 241315100 241354027 1 241315319 G C -1
0 0 12316 2 241687085 241729478 1 241701572 G C 1
0 0 12338 16 28822999 28837237 1 28554346 C G -1
0 0 12338 16 28822999 28837237 1 28863801 T G -1
0 0 12372 20 45702038 45708817 1 45791998 G A -1
0 0 12374 1 39026318 39034636 1 39026255 G C 1
0 0 12398 12 123671110 123708399 1 123712552 C T 1
0 0 12675 2 127298668 127388465 -1 127387545 G T -1
0 0 12675 2 127298668 127388465 -1 127387896 G A -1
0 0 12722 17 10697594 10711558 1 10729864 A G -1
0 0 12754 14 75131469 75176612 -1 75127199 C T 1
0 0 13079 11 21782659 22283567 1 22193357 G C -1
0 0 13089 15 45402336 45421415 1 45402120 G T 1
0 0 13089 15 45402336 45421415 1 45402381 C T 1
0 0 13310 8 33370824 33473146 -1 33473052 G A -1
0 0 13310 8 33370824 33473146 -1 33473170 A G -1
0 0 13310 8 33370824 33473146 -1 33513467 A G -1
0 0 13372 2 109129205 109504634 1 109171886 C T -1
0 0 13372 2 109129205 109504634 1 109185597 T C -1
0 0 13372 2 109129205 109504634 1 109185785 A G -1
0 0 13564 2 23927285 24004909 1 23927225 G C 1
0 0 13655 2 95836919 95991831 -1 96266108 T C -1
0 0 13678 19 9412429 9435573 -1 9310160 A T 1
0 0 13678 19 9412429 9435573 -1 9324254 T C 1
0 0 13770 11 66070272 66244744 1 66288986 G A -1
0 0 13828 10 37949573 37976647 -1 37857628 T C 1
0 0 13862 11 73675638 73761137 -1 73787888 T G -1
0 0 13870 9 95759231 95876049 -1 95876006 A G 1
0 0 13964 11 33039417 33105943 1 33039858 G C 1
0 0 13979 8 42541155 42555195 1 42541861 C T -1
0 0 14060 8 86468257 86514357 -1 86508665 C A 1
0 0 14060 8 86468257 86514357 -1 86514562 G A 1
0 0 14068 17 46292733 46338077 1 45894419 A G 1
0 0 14068 17 46292733 46338077 1 46192927 G T 1
0 0 14068 17 46292733 46338077 1 46193786 G A 1
0 0 14068 17 46292733 46338077 1 46194064 A G 1
0 0 14161 12 132623753 132687376 -1 132687746 C T -1
0 0 14249 3 48918821 48986382 1 48446745 C G -1
0 0 14298 11 832887 839831 1 842543 C G 1
0 0 14298 11 832887 839831 1 842682 A G 1
0 0 14380 3 49015488 49022293 -1 49340655 G A 1
0 0 14380 3 49015488 49022293 -1 49429438 A G -1
0 0 14390 16 28846600 28874212 1 28880144 C T -1
0 0 14394 8 143915153 143976734 -1 143952414 G A -1
0 0 14410 11 77589391 77610356 1 77590296 G A -1
0 0 14476 15 74954418 74956772 -1 74958700 C G -1
0 0 14745 5 443175 471937 1 442944 G T 1
0 0 14745 5 443175 471937 1 443121 C G 1
0 0 14889 12 75275979 75390928 -1 75391320 C T 1
0 0 15189 19 38730187 38769904 -1 38691925 C T 1
0 0 1520 6 108029245 108165854 -1 108075062 G T 1
0 0 15239 21 37073226 37203112 1 37072590 A G 1
0 0 15239 21 37073226 37203112 1 37072795 G A 1
0 0 15304 6 26538366 26546933 1 26520713 T C 1
0 0 15304 6 26538366 26546933 1 26521361 G A 1
0 0 15583 16 28688558 28735727 1 28554168 G A -1
0 0 15607 15 84235773 84245358 1 84571037 T C 1
0 0 15628 1 58575433 58577252 -1 58546252 A G 1
0 0 15628 1 58575433 58577252 -1 58546313 C T 1
0 0 1578 3 149812770 149962139 1 149812676 C G 1
0 0 15803 14 105209286 105315589 -1 105293879 A G 1
0 0 15803 14 105209286 105315589 -1 105293908 A G 1
0 0 15831 8 144291591 144314720 1 144326802 G A -1
0 0 15948 17 81843159 81860856 -1 81860900 A G 1
0 0 16149 4 185396021 185400628 1 185425919 G C 1
0 0 16171 2 24175053 24200849 1 24123648 C A 1
0 0 16171 2 24175053 24200849 1 24123824 A G 1
0 0 16177 6 26365159 26378320 1 26189128 G C -1
0 0 16421 14 23969874 24006408 1 23953706 T G -1
0 0 16421 14 23969874 24006408 1 23953798 G A -1
0 0 16421 14 23969874 24006408 1 23954120 G C -1
0 0 16421 14 23969874 24006408 1 23954161 C T -1
0 0 16576 19 37506939 37548762 1 37317683 G C 1
0 0 16576 19 37506939 37548762 1 37334731 A T 1
0 0 16576 19 37506939 37548762 1 37334938 A C 1
0 0 16576 19 37506939 37548762 1 37370959 C T 1
0 0 16806 10 80131682 80145359 1 79904842 C A -1
0 0 16876 1 1632163 1635263 1 1659220 A G -1
0 0 16909 6 32577902 32589848 -1 32610007 C T -1
0 0 16909 6 32577902 32589848 -1 32610034 C T -1
0 0 16909 6 32577902 32589848 -1 32610077 G A -1
0 0 16909 6 32577902 32589848 -1 32610112 T C -1
0 0 16909 6 32577902 32589848 -1 32610130 C T -1
0 0 17000 8 144772224 144787345 -1 144786875 G A 1
0 0 17169 2 97492663 97589877 -1 97589819 C T -1
0 0 17169 2 97492663 97589877 -1 97589830 G A -1
0 0 17169 2 97492663 97589877 -1 97590790 G A -1
0 0 17178 7 121348878 121396364 -1 121396050 G T -1
0 0 17373 18 61905255 62187118 -1 62187020 T C -1
0 0 17482 4 99070978 99088801 -1 99088893 C G 1
0 0 17511 15 82429816 82439153 1 82540241 G C -1
0 0 17511 15 82429816 82439153 1 82571691 C T -1
0 0 17655 19 36916316 37005037 1 36973473 G A 1
0 0 1818 12 120196699 120201235 -1 120195096 A G -1
0 0 1871 12 69348381 69354234 1 69360050 G A -1
0 0 1871 12 69348381 69354234 1 69360067 T C -1
0 0 1906 7 76461676 76505995 1 76549200 T C 1
0 0 19580 6 87344813 87365463 1 87322684 C A -1
0 0 19656 1 28369582 28500364 1 28369881 C G -1
0 0 19656 1 28369582 28500364 1 28505782 A G -1
0 0 19867 19 50050589 50066793 1 50004104 T G 1
0 0 19867 19 50050589 50066793 1 50025439 T C 1
0 0 2019 9 129094142 129111189 -1 129110943 G A 1
0 0 20285 6 29941260 29949572 1 29723226 C T 1
0 0 2128 22 20774113 20787720 1 20859092 C T -1
0 0 2128 22 20774113 20787720 1 20885820 G A 1
0 0 2160 22 21919425 21952848 -1 21938623 C A -1
0 0 21649 12 10937408 11171573 -1 11171340 G C -1
0 0 21649 12 10937408 11171573 -1 11171577 C A -1
0 0 21649 12 10937408 11171573 -1 11171745 C T -1
0 0 21649 12 10937408 11171573 -1 11171765 G A -1
0 0 21962 2 61141592 61144969 -1 61145163 C G -1
0 0 2211 22 38656636 38673854 1 38570482 A G -1
0 0 2211 22 38656636 38673854 1 38705628 T C -1
0 0 2217 22 32474676 32498829 1 32475240 C T -1
0 0 22369 20 25624045 25689032 1 25624019 A C -1
0 0 22369 20 25624045 25689032 1 25624228 G T -1
0 0 2258 22 29788609 29838304 -1 29767343 G A -1
0 0 22658 17 46193566 46197842 1 45894419 A G 1
0 0 2293 22 41525799 41544606 -1 41444403 T C 1
0 0 2293 22 41525799 41544606 -1 41589952 G T -1
0 0 2293 22 41525799 41544606 -1 41589954 C A -1
0 0 2293 22 41525799 41544606 -1 41621260 A G 1
0 0 22956 14 23938219 24052555 -1 23953786 T G -1
0 0 23561 2 24076526 24169640 1 24123648 C A -1
0 0 2414 20 25294742 25390835 -1 25237982 G C 1
0 0 24571 6 32659880 32660729 1 32530140 C A 1
0 0 24571 6 32659880 32660729 1 32610069 T C 1
0 0 24744 3 40313802 40453329 -1 40477330 G A 1
0 0 2527 20 38926312 38953106 1 38962115 T C -1
0 0 25277 1 59131932 59296491 -1 59296796 A G 1
0 0 25593 13 113351645 113361868 1 113490884 C T 1
0 0 26683 18 79964582 79970822 1 79988525 A C -1
0 0 26743 7 66654513 66685692 1 66740595 A G -1
0 0 270 1 41027202 41242306 -1 41241439 A G -1
0 0 2731 16 71859680 71895336 -1 71845965 A C -1
0 0 27688 22 38667585 38681860 -1 38705614 G C -1
0 0 27688 22 38667585 38681860 -1 38705628 T C -1
0 0 27781 6 19323428 19839080 -1 19805275 T G 1
0 0 27781 6 19323428 19839080 -1 19805301 A G 1
0 0 27828 2 97664217 97703066 1 97996336 C T -1
0 0 27947 21 37187666 37193926 -1 37072590 A G 1
0 0 27960 17 46274784 46361766 -1 46192927 G T 1
0 0 27960 17 46274784 46361766 -1 46193786 G A 1
0 0 27960 17 46274784 46361766 -1 46266812 T G 1
0 0 27960 17 46274784 46361766 -1 46267090 T C 1
0 0 28180 7 1160374 1165607 1 1160276 A G -1
0 0 29228 2 97416165 97433527 -1 97663592 G A -1
0 0 2924 8 143553207 143563062 1 143568892 A G -1
0 0 2949 8 25427847 25458476 -1 25458715 C A -1
0 0 2949 8 25427847 25458476 -1 25459145 G T -1
0 0 29598 7 95545191 95615132 1 95550132 A G 1
0 0 30051 12 10824960 11171608 -1 11171756 G A -1
0 0 30051 12 10824960 11171608 -1 11171802 C G -1
0 0 3108 19 48180770 48255946 -1 48204144 G T 1
0 0 31408 11 1571353 1599184 1 1546962 C A -1
0 0 318 6 53267398 53349179 -1 53348643 C T 1
0 0 32546 6 145799409 145887430 1 145735340 G C -1
0 0 32546 6 145799409 145887430 1 145735665 G A -1
0 0 32546 6 145799409 145887430 1 145815279 G C 1
0 0 33122 7 65840055 65842396 1 65751140 T C 1
0 0 33122 7 65840055 65842396 1 65770809 C G 1
0 0 33122 7 65840055 65842396 1 65770844 C T -1
0 0 3324 7 43608456 43729717 -1 43648368 G C 1
0 0 3324 7 43608456 43729717 -1 43729550 G T 1
0 0 33629 7 66493607 66495758 1 66592167 T C -1
0 0 338 12 31073860 31104799 1 31073761 G T -1
0 0 338 12 31073860 31104799 1 31073901 T A -1
0 0 34148 17 46511508 46556910 1 46192927 G T 1
0 0 34148 17 46511508 46556910 1 46193443 A G 1
0 0 34148 17 46511508 46556910 1 46193786 G A 1
0 0 34148 17 46511508 46556910 1 46194064 A G 1
0 0 34148 17 46511508 46556910 1 46266812 T G 1
0 0 34148 17 46511508 46556910 1 46267043 A C 1
0 0 34148 17 46511508 46556910 1 46267090 T C 1
0 0 34889 3 113019468 113184377 1 112990981 C G -1
0 0 3551 17 63819433 63830012 -1 63741862 C A 1
0 0 3551 17 63819433 63830012 -1 63774006 C G 1
0 0 3551 17 63819433 63830012 -1 63827186 A G 1
0 0 3551 17 63819433 63830012 -1 63827364 T C 1
0 0 3551 17 63819433 63830012 -1 63827368 G A 1
0 0 3551 17 63819433 63830012 -1 63843137 T C 1
0 0 35655 22 20707691 20859417 -1 20859128 A G 1
0 0 3647 4 99878336 99894428 -1 99949995 C T -1
0 0 36848 5 78342333 78360507 -1 78360254 A G -1
0 0 36890 4 99088805 99301356 1 99088445 C G 1
0 0 36890 4 99088805 99301356 1 99088976 C T 1
0 0 36890 4 99088805 99301356 1 99202720 C T 1
0 0 36969 12 11548030 11590369 1 11171577 C A -1
0 0 3710 11 47617315 47642607 -1 47426946 T C 1
0 0 37121 5 43515274 43525310 1 43557303 G C 1
0 0 3732 11 126269024 126278131 1 126211441 T C 1
0 0 3732 11 126269024 126278131 1 126269205 T C 1
0 0 38219 5 123036271 123054667 1 122775310 G T -1
0 0 39158 16 28802743 28817828 1 28863801 T G -1
0 0 3938 12 22448583 22544546 -1 22544489 C T 1
0 0 40478 8 81791823 81815714 1 81842130 C A -1
0 0 40770 8 17808361 17822183 1 17801572 C G -1
0 0 40810 8 143280152 143281705 -1 143247127 T C -1
0 0 40810 8 143280152 143281705 -1 143291322 G A -1
0 0 40810 8 143280152 143281705 -1 143291367 C A -1
0 0 40810 8 143280152 143281705 -1 143291548 G C -1
0 0 4096 6 26457904 26476621 1 26537492 C T 1
0 0 40982 5 151753992 151767247 1 151771983 A G -1
0 0 4101 6 46159185 46170980 -1 46129843 T G 1
0 0 41127 8 10764961 10839884 -1 10799941 G A -1
0 0 4193 5 65563236 65587549 1 65624164 G A -1
0 0 4193 5 65563236 65587549 1 65624664 T C -1
0 0 4193 5 65563236 65587549 1 65624976 C T -1
0 0 4201 5 168486451 168519301 1 168486454 C A -1
0 0 42162 11 66244717 66257595 -1 66258208 G A 1
0 0 42235 11 12086891 12089441 1 12080204 A C 1
0 0 4224 3 53867066 53882152 -1 53881910 T A -1
0 0 42484 12 10995961 10998304 -1 11171577 C A -1
0 0 42484 12 10995961 10998304 -1 11171745 C T -1
0 0 42599 12 123363868 123366113 1 123365227 C A 1
0 0 42599 12 123363868 123366113 1 123365374 T C 1
0 0 42599 12 123363868 123366113 1 123365621 A G 1
0 0 43349 12 69901918 70243405 -1 70243920 C T 1
0 0 43451 12 49127782 49188484 1 49131225 G C -1
0 0 44385 15 59688517 59689418 1 59657426 T G 1
0 0 4460 2 241227264 241317061 -1 241272035 A G -1
0 0 4460 2 241227264 241317061 -1 241315319 G C -1
0 0 4467 2 9843443 9934416 1 9843688 G A 1
0 0 4476 2 37250502 37324833 -1 37231568 G A -1
0 0 44883 2 109127327 109128930 -1 109171775 A G -1
0 0 44883 2 109127327 109128930 -1 109171886 C T -1
0 0 44883 2 109127327 109128930 -1 109185597 T C -1
0 0 45179 6 109382795 109383667 1 109382124 G A 1
0 0 45179 6 109382795 109383667 1 109382935 A G 1
0 0 45179 6 109382795 109383667 1 109383183 C A 1
0 0 45632 16 31043150 31049868 1 31033362 A G 1
0 0 45663 16 29262273 29264479 -1 29261777 G A -1
0 0 45875 15 77916522 77922019 1 77910606 G A 1
0 0 45875 15 77916522 77922019 1 77910695 G A 1
0 0 4626 1 119031216 119140654 -1 119140767 G A -1
0 0 4633 1 37681570 37692249 -1 37859965 A G 1
0 0 4677 1 205767986 205775482 -1 205750404 G A 1
0 0 46931 1 148102047 148152322 -1 148152170 T C -1
0 0 4706 1 46340789 46365152 1 46340570 G T 1
0 0 4709 1 93345907 93369493 1 93179625 C T -1
0 0 4709 1 93345907 93369493 1 93180650 T C -1
0 0 47622 17 82453181 82458521 -1 82497292 C G -1
0 0 48198 17 75587800 75626849 1 75588986 A G 1
0 0 48198 17 75587800 75626849 1 75589311 G C 1
0 0 48732 19 32686918 32691764 -1 32692410 A G -1
0 0 4981 10 95659823 95694143 -1 95656647 T C 1
0 0 4981 10 95659823 95694143 -1 95693946 A C 1
0 0 4981 10 95659823 95694143 -1 95793213 T G 1
0 0 4994 17 46029916 46225389 -1 45894419 A G 1
0 0 4994 17 46029916 46225389 -1 46192927 G T 1
0 0 4994 17 46029916 46225389 -1 46193786 G A 1
0 0 4994 17 46029916 46225389 -1 46194064 A G 1
0 0 4994 17 46029916 46225389 -1 46267043 A C 1
0 0 50021 1 28239509 28241453 -1 28236029 C A -1
0 0 5051 10 27154824 27187953 1 27155399 C A 1
0 0 5051 10 27154824 27187953 1 27155415 T G 1
0 0 50613 7 128667043 128668156 1 128531217 G T 1
0 0 5073 13 36949738 37000763 -1 37000577 C T 1
0 0 50734 11 119065263 119065677 -1 119057538 G A -1
0 0 50865 6 87151159 87155285 -1 87322684 C A 1
0 0 51127 6 31195200 31198037 -1 31158216 C G 1
0 0 51127 6 31195200 31198037 -1 31158455 C T 1
0 0 51127 6 31195200 31198037 -1 31158632 G T 1
0 0 51127 6 31195200 31198037 -1 31197312 T C 1
0 0 51127 6 31195200 31198037 -1 31197492 G A 1
0 0 51127 6 31195200 31198037 -1 31197582 G C 1
0 0 51127 6 31195200 31198037 -1 31197584 C G 1
0 0 51127 6 31195200 31198037 -1 31197750 G A 1
0 0 51265 1 149264252 149264816 1 149103314 G C -1
0 0 51265 1 149264252 149264816 1 149103346 C G -1
0 0 51265 1 149264252 149264816 1 149162929 C T -1
0 0 51266 3 122416200 122443180 1 122416408 T G 1
0 0 51277 4 99067256 99068125 -1 99088893 C G 1
0 0 5144 12 21437615 21471250 1 21437687 T C -1
0 0 5144 12 21437615 21471250 1 21437854 C A -1
0 0 51442 2 131461821 131463615 -1 131492500 G A 1
0 0 51446 2 86195154 86196644 1 86194950 G C 1
0 0 51476 1 120723945 120842229 1 120354712 C T -1
0 0 51476 1 120723945 120842229 1 120355032 T C -1
0 0 51555 7 128524016 128531069 -1 128531040 A G -1
0 0 52320 20 38955910 38956547 1 38926124 G A -1
0 0 52320 20 38955910 38956547 1 38962115 T C -1
0 0 5250 1 86346824 86396342 -1 86396707 G A -1
0 0 5287 9 37879400 37904353 -1 37800553 C T 1
0 0 53014 13 113527260 113530621 1 113490884 C T -1
0 0 53721 2 97281356 97291849 1 97589830 G A -1
0 0 53721 2 97281356 97291849 1 97663592 G A -1
0 0 5532 6 34757505 34773857 1 34792177 A G -1
0 0 5609 13 100603625 100675093 -1 100674991 C G 1
0 0 5609 13 100603625 100675093 -1 100675091 G T 1
0 0 57085 1 150045660 150067722 -1 150163093 C T -1
0 0 58516 7 99997690 100011634 1 100101546 A T -1
0 0 58849 5 42983636 42993340 -1 43007848 G A -1
0 0 58849 5 42983636 42993340 -1 43066672 T C -1
0 0 59346 3 39292556 39384300 -1 39406933 T C 1
0 0 59617 6 145784406 145786559 -1 145735340 G C 1
0 0 59617 6 145784406 145786559 -1 145814989 G T -1
0 0 59901 8 77000170 77008111 1 77000651 T A -1
0 0 60237 6 33299479 33301090 1 33323048 A G -1
0 0 6075 15 40405485 40435947 1 40421951 C T -1
0 0 6087 3 134477706 134486716 -1 134486229 G T 1
0 0 6087 3 134477706 134486716 -1 134486385 C T 1
0 0 6087 3 134477706 134486716 -1 134486389 C A 1
0 0 613 5 113513694 113595285 1 113513600 C A 1
0 0 6290 20 25673195 25696853 -1 25624019 A C -1
0 0 6290 20 25673195 25696853 -1 25624228 G T -1
0 0 6320 1 28236109 28246906 1 28247324 C T -1
0 0 6368 20 35701347 35742312 -1 35664732 A G -1
0 0 6368 20 35701347 35742312 -1 35772093 C G -1
0 0 6401 1 40040233 40072649 1 40039999 T C -1
0 0 6401 1 40040233 40072649 1 40041053 G A -1
0 0 6636 20 41340821 41360582 1 41329514 C A 1
0 0 6636 20 41340821 41360582 1 41340873 C A 1
0 0 6689 13 36301638 36370180 -1 36298112 A G -1
0 0 6761 5 146110566 146182696 -1 146182580 G A -1
0 0 6761 5 146110566 146182696 -1 146182580 G A 1
0 0 6761 5 146110566 146182696 -1 146182719 G T 1
0 0 6761 5 146110566 146182696 -1 146203462 C G -1
0 0 6764 8 85107215 85146080 1 85297334 C T 1
0 0 6929 18 36129444 36180557 1 36129799 G C -1
0 0 6959 13 110641412 110713603 -1 110713242 T G -1
0 0 7166 2 108449107 108509415 1 108449402 T C 1
0 0 7166 2 108449107 108509415 1 108534258 T C 1
0 0 7186 3 58008398 58172251 1 58237565 T C 1
0 0 7307 10 27110111 27155266 -1 27155374 G A 1
0 0 7316 9 129827290 129835863 -1 129835442 T G -1
0 0 7541 1 93561741 93847150 -1 93879160 C T 1
0 0 7659 15 51829628 51947295 1 51737823 G T 1
0 0 7659 15 51829628 51947295 1 51751680 G A 1
0 0 7699 4 76107562 76148485 -1 76148060 C G 1
0 0 7699 4 76107562 76148485 -1 76148526 G T 1
0 0 7699 4 76107562 76148485 -1 76148630 G C 1
0 0 7810 12 55997180 56006641 1 56267121 G T 1
0 0 7810 12 55997180 56006641 1 56334353 T C 1
0 0 7825 12 50129289 50167533 -1 50222563 A G -1
0 0 7915 15 59659146 59689339 -1 59689316 A G -1
0 0 7915 15 59659146 59689339 -1 59689391 G A -1
0 0 7915 15 59659146 59689339 -1 59689520 C T -1
0 0 7915 15 59659146 59689339 -1 59689586 T C -1
0 0 8044 17 18840085 18931287 1 18858441 T C 1
0 0 8113 17 82458180 82490537 1 82292778 T G -1
0 0 8113 17 82458180 82490537 1 82458193 C T -1
0 0 8113 17 82458180 82490537 1 82458214 C G -1
0 0 8146 18 79970813 80033949 -1 79988525 A C -1
0 0 815 1 26787054 26800659 1 26693253 T C 1
0 0 815 1 26787054 26800659 1 26890178 G A 1
0 0 815 1 26787054 26800659 1 26921792 C G 1
0 0 8537 2 203014608 203226378 1 202816231 T C -1
0 0 8537 2 203014608 203226378 1 202871528 C G -1
0 0 8555 3 19947097 19985175 1 19947170 A G -1
0 0 8803 6 87513459 87590028 -1 87472986 G C -1
0 0 8849 7 76048051 76067508 1 75994202 G A 1
0 0 8849 7 76048051 76067508 1 76048260 G T 1
0 0 8849 7 76048051 76067508 1 76048421 G A 1
0 0 9096 10 93667883 93702592 -1 93702478 C G -1
0 0 911 6 34792083 34877514 1 34792104 A G 1
0 0 9136 11 34853094 34916379 -1 34915939 G C -1
0 0 9136 11 34853094 34916379 -1 34916454 A G -1
0 0 9136 11 34853094 34916379 -1 34916532 G C -1
0 0 9136 11 34853094 34916379 -1 34916652 C G -1
0 0 9254 10 32887273 33005792 -1 32957868 A G -1
0 0 9393 10 114821744 114899832 1 114822321 G C -1
0 0 9699 11 124865432 124881471 1 124954085 C T 1
0 0 9753 8 73939169 73972307 -1 73976259 C T 1
0 0 9808 6 109492855 109691217 -1 109383239 T C -1
0 0 9808 6 109492855 109691217 -1 109383248 A C -1
0 0 9840 16 50065967 50107272 1 50066342 T A 1
0 0 9905 10 73253762 73358864 -1 73110749 A C -1
0 0 9922 8 95244913 95269201 -1 95269587 C G 1
0 0 9922 8 95244913 95269201 -1 95269757 C T 1
0 0 9977 11 57703710 57712221 -1 57667783 T G 1
1 0 10164 3 138608606 138633376 1 138609109 T C -1
1 0 10234 1 161118086 161125445 1 161118210 G A 1
1 0 10363 17 1003519 1229738 -1 1179789 A G -1
1 0 10434 21 46161148 46184476 -1 46184081 A G -1
1 0 10460 19 55039108 55071291 -1 55063100 G A -1
1 0 10525 8 144423601 144428563 -1 144428520 G C 1
1 0 10732 1 2184461 2212720 -1 2189679 C T -1
1 0 10855 2 55172547 55232563 -1 55232237 T G 1
1 0 11022 3 19879472 19947025 -1 19946945 G C 1
1 0 11613 10 75210154 75231448 1 75210855 G C -1
1 0 11627 9 136375567 136400176 -1 136363451 G A 1
1 0 11657 10 113679162 113730907 1 113679635 C T 1
1 0 13298 10 45727200 45792964 1 45727041 C G -1
1 0 13814 18 14057457 14132490 -1 14132403 G C 1
1 0 14298 11 832887 839831 1 835065 C T 1
1 0 14552 11 85683848 85686195 -1 85686194 A T 1
1 0 15035 1 109504178 109509738 -1 109509517 A G 1
1 0 15140 21 41167801 41282530 1 41247822 T C -1
1 0 15249 15 60347134 60402883 -1 60397796 G T 1
1 0 15314 19 52860851 52897693 -1 52897507 C A -1
1 0 15333 15 99715697 99733561 -1 99733402 G C -1
1 0 17426 12 56041351 56044697 1 56042145 C G -1
1 0 17784 14 20461992 20477094 1 20470092 A C -1
1 0 1873 1 20499448 20508151 -1 20508117 C A 1
1 0 19457 2 55214387 55216126 -1 55232237 T G 1
1 0 19533 6 149916878 149923121 -1 149864373 T A 1
1 0 19909 2 74918148 74938418 1 74958729 G T 1
1 0 19947 19 43967862 43998326 1 43984200 G A -1
1 0 20234 16 1678256 1702280 1 1678146 A G 1
1 0 23972 19 18571730 18577550 1 18571904 G T 1
1 0 25158 13 21302862 21362139 -1 21298170 C G 1
1 0 27828 2 97664217 97703066 1 97663552 C T 1
1 0 27926 7 22854126 22872952 1 22854176 C G 1
1 0 2846 15 78921058 78949574 -1 78944951 C T -1
1 0 29108 6 2851230 2881407 -1 2876301 G A -1
1 0 29381 2 74940258 74942670 1 74958729 G T 1
1 0 29802 6 33272075 33276511 1 33272092 C T -1
1 0 30549 15 32593456 32607310 1 32615183 A G -1
1 0 3057 19 36113709 36115213 -1 36114973 G T 1
1 0 32902 2 74919555 74924846 -1 74958729 G T 1
1 0 3343 9 4490468 4587469 1 4490134 T G 1
1 0 36353 1 43172330 43254358 1 42943528 A G 1
1 0 36896 11 78139756 78175323 1 78139778 C T -1
1 0 3775 11 44065925 44084237 1 44066439 G T 1
1 0 3872 12 6375045 6391571 1 6384185 A G -1
1 0 41718 8 143620586 143633756 -1 143617254 G C 1
1 0 42783 12 132186735 132189728 -1 132189720 T C 1
1 0 448 20 44942130 44960397 -1 44960400 G A -1
1 0 46842 18 5237826 5290608 1 5237824 G A 1
1 0 47590 18 3190397 3247277 1 3247258 A C 1
1 0 48277 19 19757366 19776423 -1 19776299 C T -1
1 0 4904 18 63327726 63367228 -1 63367187 T G 1
1 0 4915 14 94127779 94130253 -1 94129457 G A -1
1 0 4915 14 94127779 94130253 -1 94129652 T C -1
1 0 50350 7 20328289 20331781 -1 20331650 C G -1
1 0 5051 10 27154824 27187953 1 27155400 T C 1
1 0 5065 13 43023203 43114213 1 43023570 C T -1
1 0 50748 14 101948309 101949568 1 101948430 G A 1
1 0 51007 6 3068045 3068894 -1 3068823 C T -1
1 0 51340 7 7552462 7566996 -1 7566908 G C 1
1 0 52129 19 5294247 5294696 1 5293643 G A 1
1 0 543 4 177430774 177442437 -1 177442224 G A 1
1 0 57981 10 63630672 63655769 1 63630874 T C -1
1 0 58738 2 131647990 131767404 1 131682500 G C 1
1 0 59346 3 39292556 39384300 -1 39384266 C T 1
1 0 6147 14 20365667 20413501 -1 20413368 T C -1
1 0 6236 6 106629578 106668417 1 106629627 G A -1
1 0 6307 16 634427 636366 -1 636337 G A 1
1 0 7109 16 82147798 82170224 -1 82170181 C G -1
1 0 7224 7 6577434 6589374 1 6577616 C G 1
1 0 7250 15 78104606 78131535 -1 78131254 A C 1
1 0 7339 9 127794597 127814327 1 127803090 G A 1
1 0 7599 10 121989163 122254545 1 122099209 T C 1
1 0 772 10 5765223 5842132 -1 5813440 G C 1
1 0 8028 16 88813734 88856970 -1 88811972 G A 1
1 0 8295 1 165662216 165698562 -1 165698544 T G -1
1 0 9058 9 136992422 136993984 1 136992590 G C 1
1 0 9142 11 57597387 57619171 1 57598250 T C 1
1 0 9416 2 9488486 9556732 -1 9555777 A G -1
1 0 9484 18 46104378 46128333 1 46104399 G C 1
