0 0 10284 17 48908407 48929056 1 48944908 C T -1
0 0 10478 11 117204337 117232525 -1 116928247 A G 1
0 0 11184 3 48241100 48299253 1 48112336 C T 1
0 0 11288 5 96875986 96919703 1 96936716 T G 1
0 0 11288 5 96875986 96919703 1 96963054 T A 1
0 0 11466 9 34329506 34343711 1 34178976 G A 1
0 0 11714 11 95789965 95832693 1 95923947 T G 1
0 0 11787 10 73110375 73131828 1 73167726 A G -1
0 0 11787 10 73110375 73131828 1 73501863 A G -1
0 0 11856 16 66508003 66552544 -1 66550091 G C 1
0 0 11856 16 66508003 66552544 -1 66589816 A G 1
0 0 11978 22 41367333 41399326 1 41597492 G A 1
0 0 11979 22 41699503 41799456 1 41800680 G C 1
0 0 1210 19 16197854 16245906 1 16260336 G A 1
0 0 12213 16 3539033 3577403 -1 3580556 T C 1
0 0 12233 3 41246599 41962130 -1 41961319 G C -1
0 0 12294 3 58332880 58426127 1 58338622 T A 1
0 0 12294 3 58332880 58426127 1 58401753 T C -1
0 0 12294 3 58332880 58426127 1 58402050 C T -1
0 0 12294 3 58332880 58426127 1 58414687 T C -1
0 0 12294 3 58332880 58426127 1 58434217 C T -1
0 0 13139 1 121184811 121392874 1 121184715 A G -1
0 0 13139 1 121184811 121392874 1 121458637 G T -1
0 0 13176 3 48290722 48301685 -1 48241004 T C -1
0 0 1320 10 100486646 100519864 -1 100482241 G C -1
0 0 1343 8 80034745 80231232 -1 80146351 T C -1
0 0 135 7 98291650 98401090 -1 98314813 G C 1
0 0 13966 17 82101460 82212878 -1 82154019 G T 1
0 0 14153 11 695591 705028 1 695842 G A 1
0 0 14394 8 143915153 143976734 -1 143939147 G T -1
0 0 14607 6 32659467 32668383 -1 32658824 A G -1
0 0 14607 6 32659467 32668383 -1 32658837 A G -1
0 0 14607 6 32659467 32668383 -1 32659332 A G -1
0 0 14607 6 32659467 32668383 -1 32659338 G T -1
0 0 14607 6 32659467 32668383 -1 32659383 A G -1
0 0 14607 6 32659467 32668383 -1 32659398 A C -1
0 0 14607 6 32659467 32668383 -1 32659434 T C -1
0 0 14607 6 32659467 32668383 -1 32659458 C T -1
0 0 14607 6 32659467 32668383 -1 32659486 T C -1
0 0 14607 6 32659467 32668383 -1 32659515 A G -1
0 0 14607 6 32659467 32668383 -1 32659522 A T -1
0 0 14607 6 32659467 32668383 -1 32659533 C T -1
0 0 14607 6 32659467 32668383 -1 32659575 A G -1
0 0 14607 6 32659467 32668383 -1 32659585 A C -1
0 0 14607 6 32659467 32668383 -1 32659617 C T -1
0 0 14607 6 32659467 32668383 -1 32659619 C T -1
0 0 14607 6 32659467 32668383 -1 32659664 A C -1
0 0 14607 6 32659467 32668383 -1 32659683 T G -1
0 0 14607 6 32659467 32668383 -1 32659796 C G -1
0 0 14607 6 32659467 32668383 -1 32659869 A G -1
0 0 14607 6 32659467 32668383 -1 32660287 T C -1
0 0 14607 6 32659467 32668383 -1 32660959 C T -1
0 0 14607 6 32659467 32668383 -1 32660960 A G -1
0 0 14607 6 32659467 32668383 -1 32661276 C G -1
0 0 14607 6 32659467 32668383 -1 32661360 T G -1
0 0 14607 6 32659467 32668383 -1 32666908 C A -1
0 0 14607 6 32659467 32668383 -1 32666918 G A -1
0 0 14607 6 32659467 32668383 -1 32666922 G A -1
0 0 14607 6 32659467 32668383 -1 32668036 A G -1
0 0 14619 7 66376044 66493566 -1 66558025 A G 1
0 0 14619 7 66376044 66493566 -1 66578155 C T 1
0 0 14619 7 66376044 66493566 -1 66654830 C G 1
0 0 14619 7 66376044 66493566 -1 66740563 C T 1
0 0 15239 21 37073226 37203112 1 37072590 A G 1
0 0 15239 21 37073226 37203112 1 37072769 T C 1
0 0 15239 21 37073226 37203112 1 37072795 G A 1
0 0 15239 21 37073226 37203112 1 37079722 C T 1
0 0 15239 21 37073226 37203112 1 37207850 C G -1
0 0 15239 21 37073226 37203112 1 37208824 T G -1
0 0 16177 6 26365159 26378320 1 26365538 T C -1
0 0 16177 6 26365159 26378320 1 26375875 A G -1
0 0 16594 9 92325953 92620529 1 92325922 A G 1
0 0 16599 19 9323772 9351162 1 9324254 T C 1
0 0 16599 19 9323772 9351162 1 9406861 C G 1
0 0 16599 19 9323772 9351162 1 9435675 G T 1
0 0 1667 8 38225218 38275558 1 38176766 T C 1
0 0 16732 17 43338741 43389226 -1 43316084 T C 1
0 0 16732 17 43338741 43389226 -1 43324652 C T 1
0 0 16909 6 32577902 32589848 -1 32609608 T C -1
0 0 16909 6 32577902 32589848 -1 32609809 G A -1
0 0 16909 6 32577902 32589848 -1 32616083 C G -1
0 0 16909 6 32577902 32589848 -1 32616237 T C -1
0 0 16961 19 21397119 21427577 1 21482835 T C 1
0 0 16961 19 21397119 21427577 1 21483314 A G 1
0 0 16961 19 21397119 21427577 1 21483621 C G 1
0 0 16985 1 207321519 207386804 1 207321071 T C -1
0 0 17121 6 32628179 32647062 1 32439291 G A -1
0 0 17121 6 32628179 32647062 1 32590398 C T -1
0 0 17121 6 32628179 32647062 1 32603533 A G -1
0 0 17121 6 32628179 32647062 1 32603870 C A -1
0 0 17121 6 32628179 32647062 1 32603913 C T -1
0 0 17121 6 32628179 32647062 1 32603994 G A -1
0 0 17121 6 32628179 32647062 1 32604000 G A -1
0 0 17121 6 32628179 32647062 1 32604099 A G -1
0 0 17121 6 32628179 32647062 1 32604113 G A -1
0 0 17121 6 32628179 32647062 1 32604155 A G -1
0 0 17121 6 32628179 32647062 1 32604222 A T -1
0 0 17121 6 32628179 32647062 1 32604283 T C -1
0 0 17121 6 32628179 32647062 1 32604299 G A -1
0 0 17121 6 32628179 32647062 1 32604305 C T -1
0 0 17121 6 32628179 32647062 1 32604452 A G -1
0 0 17121 6 32628179 32647062 1 32604611 T C -1
0 0 17121 6 32628179 32647062 1 32604658 C A -1
0 0 17121 6 32628179 32647062 1 32604718 A G -1
0 0 17121 6 32628179 32647062 1 32604809 G A -1
0 0 17121 6 32628179 32647062 1 32604978 A T -1
0 0 17121 6 32628179 32647062 1 32605074 G A -1
0 0 17121 6 32628179 32647062 1 32609772 A T -1
0 0 17121 6 32628179 32647062 1 32609813 G A -1
0 0 17121 6 32628179 32647062 1 32609868 C T -1
0 0 17121 6 32628179 32647062 1 32609869 A G -1
0 0 17121 6 32628179 32647062 1 32609956 C T -1
0 0 17121 6 32628179 32647062 1 32610112 T C -1
0 0 17121 6 32628179 32647062 1 32610204 A G -1
0 0 17121 6 32628179 32647062 1 32610419 G A -1
0 0 17121 6 32628179 32647062 1 32636738 G C -1
0 0 17121 6 32628179 32647062 1 32636745 C A -1
0 0 17121 6 32628179 32647062 1 32658813 C G -1
0 0 17121 6 32628179 32647062 1 32658824 A G -1
0 0 17121 6 32628179 32647062 1 32659328 T A -1
0 0 17121 6 32628179 32647062 1 32659338 G T -1
0 0 17121 6 32628179 32647062 1 32659398 A C -1
0 0 17121 6 32628179 32647062 1 32659403 G C -1
0 0 17121 6 32628179 32647062 1 32659434 T C -1
0 0 17121 6 32628179 32647062 1 32659458 C T -1
0 0 17121 6 32628179 32647062 1 32659515 A G -1
0 0 17121 6 32628179 32647062 1 32659533 C T -1
0 0 17121 6 32628179 32647062 1 32659575 A G -1
0 0 17121 6 32628179 32647062 1 32659588 T C -1
0 0 17121 6 32628179 32647062 1 32659617 C T -1
0 0 17121 6 32628179 32647062 1 32659619 C T -1
0 0 17121 6 32628179 32647062 1 32659657 A C -1
0 0 17121 6 32628179 32647062 1 32659664 A C -1
0 0 17121 6 32628179 32647062 1 32659740 T G -1
0 0 17121 6 32628179 32647062 1 32659758 G T -1
0 0 17121 6 32628179 32647062 1 32659823 G T -1
0 0 17121 6 32628179 32647062 1 32659858 T G -1
0 0 17121 6 32628179 32647062 1 32659869 A G -1
0 0 17121 6 32628179 32647062 1 32660361 G A -1
0 0 17121 6 32628179 32647062 1 32660959 C T -1
0 0 17121 6 32628179 32647062 1 32661276 C G -1
0 0 17121 6 32628179 32647062 1 32661360 T G -1
0 0 17121 6 32628179 32647062 1 32661364 C T -1
0 0 17121 6 32628179 32647062 1 32666737 A G -1
0 0 17121 6 32628179 32647062 1 32666922 G A -1
0 0 17121 6 32628179 32647062 1 32667061 A C -1
0 0 17121 6 32628179 32647062 1 32667093 A G -1
0 0 17121 6 32628179 32647062 1 32668261 A T -1
0 0 17121 6 32628179 32647062 1 32668657 A G -1
0 0 1724 17 63827152 63832026 1 63699119 T C 1
0 0 17520 9 92297358 92325636 -1 92293635 A T 1
0 0 17520 9 92297358 92325636 -1 92294164 C T 1
0 0 17520 9 92297358 92325636 -1 92299520 G A 1
0 0 17520 9 92297358 92325636 -1 92406630 T C 1
0 0 17655 19 36916316 37005037 1 36973405 G A 1
0 0 17669 17 43125551 43153671 1 43310023 A G -1
0 0 17669 17 43125551 43153671 1 43310255 T C -1
0 0 17669 17 43125551 43153671 1 43315904 G A -1
0 0 17669 17 43125551 43153671 1 43315939 T C -1
0 0 17669 17 43125551 43153671 1 43334234 G C -1
0 0 17671 6 32517353 32530287 -1 32553535 G A 1
0 0 17671 6 32517353 32530287 -1 32553639 G C 1
0 0 17671 6 32517353 32530287 -1 32554207 A G 1
0 0 17671 6 32517353 32530287 -1 32554295 C T 1
0 0 17671 6 32517353 32530287 -1 32554645 C T 1
0 0 17671 6 32517353 32530287 -1 32554646 C G 1
0 0 17671 6 32517353 32530287 -1 32558632 G C 1
0 0 19789 6 31586124 31588909 1 31266889 G A 1
0 0 19789 6 31586124 31588909 1 31266997 C G 1
0 0 19789 6 31586124 31588909 1 31267009 T C 1
0 0 19789 6 31586124 31588909 1 31267134 A G 1
0 0 19801 6 31268749 31272130 -1 31266965 C G 1
0 0 19801 6 31268749 31272130 -1 31267059 C G 1
0 0 19801 6 31268749 31272130 -1 31267078 T C 1
0 0 19801 6 31268749 31272130 -1 31272283 A G 1
0 0 19801 6 31268749 31272130 -1 31272403 A C 1
0 0 19801 6 31268749 31272130 -1 31332917 A G 1
0 0 19801 6 31268749 31272130 -1 31339399 C G 1
0 0 19801 6 31268749 31272130 -1 31350711 T C 1
0 0 19801 6 31268749 31272130 -1 31351254 G T 1
0 0 20118 21 39342315 39349647 -1 39314094 C T -1
0 0 2207 22 38483438 38507660 -1 38656111 C T 1
0 0 2207 22 38483438 38507660 -1 38656150 G A 1
0 0 22658 17 46193566 46197842 1 45783751 C T 1
0 0 22658 17 46193566 46197842 1 45894091 G C 1
0 0 22658 17 46193566 46197842 1 45894419 A G 1
0 0 22658 17 46193566 46197842 1 45895714 A G 1
0 0 22658 17 46193566 46197842 1 45895755 G C 1
0 0 22658 17 46193566 46197842 1 45949124 A C 1
0 0 22658 17 46193566 46197842 1 45975805 A G 1
0 0 22658 17 46193566 46197842 1 46003042 G C 1
0 0 22658 17 46193566 46197842 1 46026250 C T 1
0 0 22658 17 46193566 46197842 1 46026459 T C 1
0 0 22658 17 46193566 46197842 1 46026460 G A 1
0 0 22658 17 46193566 46197842 1 46143984 G A 1
0 0 22658 17 46193566 46197842 1 46154251 A T 1
0 0 22658 17 46193566 46197842 1 46154566 G A 1
0 0 22658 17 46193566 46197842 1 46179289 G A 1
0 0 22658 17 46193566 46197842 1 46179344 G C 1
0 0 22658 17 46193566 46197842 1 46192598 T A 1
0 0 22658 17 46193566 46197842 1 46192693 A T 1
0 0 22658 17 46193566 46197842 1 46193130 G A 1
0 0 22658 17 46193566 46197842 1 46193443 A G 1
0 0 22658 17 46193566 46197842 1 46193786 G A 1
0 0 22658 17 46193566 46197842 1 46194634 G A 1
0 0 22658 17 46193566 46197842 1 46194900 A G 1
0 0 22658 17 46193566 46197842 1 46225515 C T 1
0 0 22658 17 46193566 46197842 1 46225538 T C 1
0 0 22658 17 46193566 46197842 1 46253848 T C 1
0 0 22658 17 46193566 46197842 1 46253931 G T 1
0 0 22658 17 46193566 46197842 1 46259843 C T 1
0 0 22658 17 46193566 46197842 1 46266812 T G 1
0 0 22658 17 46193566 46197842 1 46266934 G T 1
0 0 22658 17 46193566 46197842 1 46266992 T C 1
0 0 22658 17 46193566 46197842 1 46267010 G A 1
0 0 22658 17 46193566 46197842 1 46267175 C A 1
0 0 22658 17 46193566 46197842 1 46267186 C T 1
0 0 22658 17 46193566 46197842 1 46267229 G T 1
0 0 22658 17 46193566 46197842 1 46267560 A G 1
0 0 22658 17 46193566 46197842 1 46291038 C T 1
0 0 22658 17 46193566 46197842 1 46580116 G C 1
0 0 22755 17 30576464 30672789 1 30709258 C A 1
0 0 22755 17 30576464 30672789 1 30780453 A C 1
0 0 22755 17 30576464 30672789 1 30809450 G A 1
0 0 22755 17 30576464 30672789 1 30824687 C T 1
0 0 22755 17 30576464 30672789 1 30824819 T C 1
0 0 22755 17 30576464 30672789 1 30831497 A G 1
0 0 2369 14 70907405 71115382 1 71130676 C G 1
0 0 2373 14 90256527 90275429 1 90256434 G A 1
0 0 25119 14 106627249 106627825 -1 106626623 T A 1
0 0 25119 14 106627249 106627825 -1 106627169 G A 1
0 0 25119 14 106627249 106627825 -1 106657616 G C 1
0 0 25119 14 106627249 106627825 -1 106657619 C T 1
0 0 25119 14 106627249 106627825 -1 106657835 C T 1
0 0 25119 14 106627249 106627825 -1 106661719 G T 1
0 0 25119 14 106627249 106627825 -1 106663156 T G 1
0 0 25119 14 106627249 106627825 -1 106663535 A G 1
0 0 25119 14 106627249 106627825 -1 106810005 C G 1
0 0 25119 14 106627249 106627825 -1 106810329 G A 1
0 0 2551 18 12991362 13125052 1 13137993 G C -1
0 0 27106 13 79406293 79427317 1 79393998 G A -1
0 0 27106 13 79406293 79427317 1 79406330 C G -1
0 0 27139 2 161244720 161249095 1 161166146 C T -1
0 0 29022 6 33144783 33147767 1 33114691 T C 1
0 0 29022 6 33144783 33147767 1 33114709 A G 1
0 0 29022 6 33144783 33147767 1 33126099 A G 1
0 0 29733 6 33064569 33080775 -1 33057195 A G -1
0 0 29733 6 33064569 33080775 -1 33062050 G C -1
0 0 29733 6 33064569 33080775 -1 33062148 A G -1
0 0 29733 6 33064569 33080775 -1 33062153 A G -1
0 0 29733 6 33064569 33080775 -1 33062160 C T -1
0 0 299 9 122940833 123104866 1 122912716 G A -1
0 0 299 9 122940833 123104866 1 123194182 A G -1
0 0 2990 19 49361783 49375116 1 49403351 G A -1
0 0 30534 6 32756098 32763532 -1 32636738 G C 1
0 0 30534 6 32756098 32763532 -1 32636745 C A 1
0 0 30534 6 32756098 32763532 -1 32658813 C G 1
0 0 30534 6 32756098 32763532 -1 32659434 T C 1
0 0 30534 6 32756098 32763532 -1 32659533 C T 1
0 0 30534 6 32756098 32763532 -1 32659575 A G 1
0 0 30534 6 32756098 32763532 -1 32659588 T C 1
0 0 30534 6 32756098 32763532 -1 32659617 C T 1
0 0 30534 6 32756098 32763532 -1 32659740 T G 1
0 0 30534 6 32756098 32763532 -1 32661364 C T 1
0 0 31376 3 183806457 183810783 -1 183767025 T A 1
0 0 31946 6 31353872 31367067 -1 31366824 T C -1
0 0 31946 6 31353872 31367067 -1 31367379 A G -1
0 0 3260 7 56101573 56106476 -1 56052143 C T -1
0 0 3260 7 56101573 56106476 -1 56106658 C G -1
0 0 3327 7 66921225 66958551 1 66558144 G T 1
0 0 3327 7 66921225 66958551 1 66654830 C G 1
0 0 3327 7 66921225 66958551 1 66740563 C T 1
0 0 3352 9 120600811 120714470 -1 120714674 G A 1
0 0 33789 6 32741391 32747198 1 32636738 G C 1
0 0 33789 6 32741391 32747198 1 32658824 A G 1
0 0 33789 6 32741391 32747198 1 32658837 A G 1
0 0 33789 6 32741391 32747198 1 32659328 T A 1
0 0 33789 6 32741391 32747198 1 32659398 A C 1
0 0 33789 6 32741391 32747198 1 32659403 G C 1
0 0 33789 6 32741391 32747198 1 32659458 C T 1
0 0 33789 6 32741391 32747198 1 32659486 T C 1
0 0 33789 6 32741391 32747198 1 32659522 A T 1
0 0 33789 6 32741391 32747198 1 32659585 A C 1
0 0 33789 6 32741391 32747198 1 32659588 T C 1
0 0 33789 6 32741391 32747198 1 32659619 C T 1
0 0 33789 6 32741391 32747198 1 32659657 A C 1
0 0 33789 6 32741391 32747198 1 32659683 T G 1
0 0 33789 6 32741391 32747198 1 32659858 T G 1
0 0 33789 6 32741391 32747198 1 32659869 A G 1
0 0 33789 6 32741391 32747198 1 32660287 T C 1
0 0 33789 6 32741391 32747198 1 32661276 C G 1
0 0 33789 6 32741391 32747198 1 32661360 T G 1
0 0 33789 6 32741391 32747198 1 32666364 T C 1
0 0 33789 6 32741391 32747198 1 32668036 A G 1
0 0 33789 6 32741391 32747198 1 32668261 A T 1
0 0 338 12 31073860 31104799 1 31074587 T G -1
0 0 34148 17 46511508 46556910 1 46026459 T C 1
0 0 34148 17 46511508 46556910 1 46026460 G A 1
0 0 34148 17 46511508 46556910 1 46044551 C T 1
0 0 34148 17 46511508 46556910 1 46121440 T C 1
0 0 34148 17 46511508 46556910 1 46139746 G T 1
0 0 34148 17 46511508 46556910 1 46143984 G A 1
0 0 34148 17 46511508 46556910 1 46192598 T A 1
0 0 34148 17 46511508 46556910 1 46192927 G T 1
0 0 34148 17 46511508 46556910 1 46193443 A G 1
0 0 34148 17 46511508 46556910 1 46193786 G A 1
0 0 34148 17 46511508 46556910 1 46194064 A G 1
0 0 34148 17 46511508 46556910 1 46194900 A G 1
0 0 34148 17 46511508 46556910 1 46225000 G C 1
0 0 34148 17 46511508 46556910 1 46225515 C T 1
0 0 34148 17 46511508 46556910 1 46245556 A G 1
0 0 34148 17 46511508 46556910 1 46260063 G C 1
0 0 34148 17 46511508 46556910 1 46266812 T G 1
0 0 34148 17 46511508 46556910 1 46267010 G A 1
0 0 34148 17 46511508 46556910 1 46267444 T G 1
0 0 34148 17 46511508 46556910 1 46267622 C G 1
0 0 3551 17 63819433 63830012 -1 63774125 C A 1
0 0 3551 17 63819433 63830012 -1 63843137 T C 1
0 0 3551 17 63819433 63830012 -1 63878623 A G 1
0 0 35655 22 20707691 20859417 -1 20858368 T C -1
0 0 36992 15 41283958 41322392 1 41332199 G C 1
0 0 38274 5 65486444 65487048 -1 65563200 C G -1
0 0 3852 12 110434823 110450422 -1 110404193 T C 1
0 0 38677 6 61630233 61681049 -1 61886946 G A -1
0 0 4049 6 109690609 109878098 1 109526846 A G -1
0 0 4193 5 65563236 65587549 1 65624164 G A -1
0 0 42278 11 77866412 77870091 -1 77994490 C A -1
0 0 4284 3 124730433 124749273 1 124730301 G A 1
0 0 4578 1 63547082 63550636 1 63441457 T C -1
0 0 4578 1 63547082 63550636 1 63441850 T C -1
0 0 45942 2 218255319 218257366 1 218218595 G T -1
0 0 45942 2 218255319 218257366 1 218291184 A T -1
0 0 45942 2 218255319 218257366 1 218291186 G T -1
0 0 4706 1 46340789 46365152 1 46340808 C T 1
0 0 4706 1 46340789 46365152 1 46348295 C T 1
0 0 4706 1 46340789 46365152 1 46348310 G A 1
0 0 4706 1 46340789 46365152 1 46348420 T G 1
0 0 4706 1 46340789 46365152 1 46370105 T C 1
0 0 4952 2 38293954 38377285 -1 38377209 A G -1
0 0 51026 6 34279679 34392669 -1 34332593 T C -1
0 0 51034 8 33360839 33361415 -1 33484977 T A -1
0 0 51034 8 33360839 33361415 -1 33513239 G A -1
0 0 51034 8 33360839 33361415 -1 33513681 T C -1
0 0 51127 6 31195200 31198037 -1 31197500 A G -1
0 0 51127 6 31195200 31198037 -1 31197789 T C -1
0 0 51127 6 31195200 31198037 -1 31266997 C G -1
0 0 51127 6 31195200 31198037 -1 31267074 C G -1
0 0 51412 7 32758882 32759353 1 32762026 C A 1
0 0 51481 7 66902857 66906297 1 66922034 T G -1
0 0 51574 22 19046162 19048375 -1 19086250 A G 1
0 0 5278 7 33014130 33062796 -1 33050798 G A -1
0 0 5299 7 135092363 135170795 -1 135148304 C G 1
0 0 5299 7 135092363 135170795 -1 135148481 G A 1
0 0 53157 2 90154073 90154574 1 89841483 C T 1
0 0 53157 2 90154073 90154574 1 89841569 G T 1
0 0 5400 2 151270470 151289894 -1 151290144 T C 1
0 0 55577 1 45493866 45500079 -1 45820137 A G 1
0 0 55668 7 32760279 32762924 1 32728864 T C 1
0 0 57350 11 108142458 108150381 -1 108225414 A G 1
0 0 57350 11 108142458 108150381 -1 108236282 G A 1
0 0 57812 5 37248979 37252617 1 37248973 A G 1
0 0 5845 14 59460363 59484408 -1 59422166 C T -1
0 0 5845 14 59460363 59484408 -1 59484740 T C -1
0 0 5900 7 150323263 150338156 1 150322545 T C 1
0 0 59720 11 78223815 78225909 1 78290202 C T -1
0 0 60543 1 45583238 45583933 -1 45687876 C T -1
0 0 60543 1 45583238 45583933 -1 45751050 A G -1
0 0 6290 20 25673195 25696853 -1 25624019 A C -1
0 0 6362 6 149658153 149718105 -1 149718360 T C -1
0 0 6362 6 149658153 149718105 -1 149746539 A G -1
0 0 6385 4 337814 384868 1 337869 T C 1
0 0 6680 1 204422628 204494805 -1 204517077 G C -1
0 0 6959 13 110641412 110713603 -1 110713242 T G -1
0 0 7138 1 183023420 183145592 1 183048634 A G -1
0 0 7147 2 218450251 218568351 -1 218471212 C T -1
0 0 7147 2 218450251 218568351 -1 218472236 T A -1
0 0 7316 9 129827290 129835863 -1 129836000 G C -1
0 0 7651 3 101324205 101513241 -1 101390336 T C -1
0 0 7651 3 101324205 101513241 -1 101390471 T A -1
0 0 7698 4 75913660 75941013 -1 76062465 T G -1
0 0 7707 4 77713387 77819615 -1 77863279 T C -1
0 0 7729 9 113444731 113597743 1 113524210 C G -1
0 0 8041 16 67975663 67980549 -1 68040516 C T -1
0 0 8136 17 41825057 41836260 -1 41836332 C T -1
0 0 8136 17 41825057 41836260 -1 41836371 T G -1
0 0 8474 2 70281362 70293740 -1 70258610 C G 1
0 0 8509 2 99545419 100192428 -1 100143014 T C -1
0 0 8659 4 89700345 89838315 -1 89837794 A G -1
0 0 8663 4 102868974 102892807 1 102820439 T A -1
0 0 8663 4 102868974 102892807 1 102862343 T A -1
0 0 8663 4 102868974 102892807 1 102868653 C A -1
0 0 8880 7 139340359 139423457 1 139341719 G T 1
0 0 8880 7 139340359 139423457 1 139359121 G A 1
0 0 8932 8 8783354 8893630 -1 8780715 T C 1
0 0 8932 8 8783354 8893630 -1 8783615 C T 1
0 0 8932 8 8783354 8893630 -1 8783749 G A 1
0 0 8947 8 22620418 22669148 -1 22595710 C A 1
0 0 8961 8 38263130 38269243 -1 38176766 T C 1
0 0 911 6 34792083 34877514 1 34757371 A G 1
0 0 9168 11 108157215 108222638 -1 108222481 A T 1
0 0 9169 11 108222823 108369102 1 108175229 C T 1
0 0 9343 10 58191517 58267894 -1 58268488 G A -1
0 0 9343 10 58191517 58267894 -1 58269134 C T -1
0 0 9672 1 86914635 87109982 1 87046037 C T 1
0 0 9905 10 73253762 73358864 -1 73110749 A C -1
0 0 9905 10 73253762 73358864 -1 73111011 T C -1
1 0 10430 21 44885953 44931989 -1 44908184 T C 1
1 0 1063 17 73334384 73644445 -1 73591438 G A -1
1 0 10751 1 98661701 98760500 1 98661649 A G -1
1 0 11022 3 19879472 19947025 -1 19946945 G C 1
1 0 11558 14 34709113 34714823 -1 34715040 T C 1
1 0 11892 17 35243071 35273655 1 35244527 G A 1
1 0 1228 17 39904595 39919854 -1 39895095 A G -1
1 0 12319 16 74671855 74700960 -1 74701250 G A 1
1 0 12882 6 52977948 52995304 -1 52976681 C G -1
1 0 129 17 50543058 50555852 1 50547162 A C -1
1 0 13873 16 11249619 11381662 1 11345446 G T -1
1 0 13945 5 147585438 147782775 -1 147782912 G A 1
1 0 14055 8 1973677 2006936 1 1974214 C T 1
1 0 14164 11 117427772 117817525 -1 117817510 G C 1
1 0 14548 11 18704312 18726230 -1 18707103 T C 1
1 0 1463 8 11795573 11839395 1 11808828 A G 1
1 0 1483 3 97822011 97944984 1 98003487 T C 1
1 0 15035 1 109504178 109509738 -1 109509517 A G 1
1 0 1546 18 62715541 62980433 1 62744331 G A 1
1 0 16485 1 156579723 156587719 1 156582056 A G -1
1 0 16599 19 9323772 9351162 1 9324196 C T -1
1 0 16661 1 178479240 178499634 -1 178485633 G A -1
1 0 16730 6 116461370 116463771 1 116462456 T G -1
1 0 17202 19 21722771 21767579 -1 21767600 T C -1
1 0 17426 12 56041351 56044697 1 56042145 C G -1
1 0 17631 8 61500556 61714640 -1 61748634 A G -1
1 0 17703 12 131828393 131851783 1 131829398 C T 1
1 0 1845 12 6747996 6767475 -1 6753093 G C -1
1 0 19 12 911736 990053 -1 949572 C G -1
1 0 1942 17 44011188 44023946 -1 44014960 A G -1
1 0 1974 1 119648411 119744218 1 119712747 G A 1
1 0 19801 6 31268749 31272130 -1 31272264 C T -1
1 0 21370 22 22098700 22099212 1 22099103 C T -1
1 0 228 2 36968383 37084372 -1 37090314 A C 1
1 0 22881 12 6439001 6451607 -1 6451407 G T 1
1 0 24810 20 44210907 44226027 1 44211379 A G 1
1 0 2547 18 3066807 3219968 -1 3247258 A C 1
1 0 2551 18 12991362 13125052 1 12991394 T C -1
1 0 265 16 3222325 3236221 -1 3215428 G C -1
1 0 27139 2 161244720 161249095 1 161244750 G A -1
1 0 28230 10 17214239 17230018 -1 17229401 G C 1
1 0 28861 10 80046860 80078912 -1 80078900 A C 1
1 0 30534 6 32756098 32763532 -1 32660883 T C 1
1 0 30638 2 172464262 172466022 -1 172462191 A G -1
1 0 3071 8 141117278 141195808 1 141182443 G A -1
1 0 32902 2 74919555 74924846 -1 74958729 G T 1
1 0 3317 7 16916359 17346152 1 17298523 C T -1
1 0 3354 9 98120975 98192637 -1 98192147 G A 1
1 0 3685 4 26857601 27025381 1 26884674 C T 1
1 0 36904 8 102239386 102253750 1 102239769 G A 1
1 0 3775 11 44065925 44084237 1 44066439 G T 1
1 0 3954 6 116254173 116444861 1 116369686 C T -1
1 0 3968 6 88609897 88963618 -1 88616498 C T -1
1 0 4009 6 41189749 41201149 -1 41315454 T G -1
1 0 4065 6 163414000 163578592 1 163667831 T C 1
1 0 40850 8 1971153 1974768 -1 1974214 C T 1
1 0 4117 5 10679230 10761234 -1 10760778 G C 1
1 0 4180 5 1050384 1112063 -1 1104823 C T -1
1 0 42024 11 44071462 44072403 1 44066439 G T 1
1 0 4235 3 122055362 122121139 1 121995172 T C 1
1 0 4401 2 74958643 74970128 1 74958729 G T 1
1 0 48950 19 45641494 45642840 1 45641767 G T -1
1 0 4910 14 72926377 72959703 1 72927170 G A 1
1 0 49607 19 52650447 52690496 -1 52690517 A G -1
1 0 51227 18 3245288 3247433 -1 3247258 A C 1
1 0 51340 7 7552462 7566996 -1 7566908 G C 1
1 0 55508 14 106762092 106762588 -1 106714808 G A -1
1 0 5560 6 41267926 41286682 -1 41315454 T G -1
1 0 6119 19 10553085 10566031 -1 10553956 A G 1
1 0 6124 8 17643795 17801094 -1 17801242 G A 1
1 0 6136 14 20343615 20357904 1 20723430 G A 1
1 0 6411 3 15254353 15341368 -1 15272857 A G 1
1 0 6999 12 113056730 113098028 1 113051015 G A 1
1 0 7390 9 37422666 37436990 1 37422659 C T 1
1 0 744 5 157266079 157395595 1 157272119 A C -1
1 0 7859 13 110523066 110561722 -1 110471908 G A -1
1 0 7930 15 77041404 77083984 -1 77083841 C A 1
1 0 8457 2 20667144 20679243 1 20676230 A G -1
1 0 8633 3 121987323 122022247 -1 121995172 T C 1
1 0 8641 4 958887 986895 -1 973551 C G 1
1 0 8932 8 8783354 8893630 -1 8753273 A C 1
1 0 8995 8 143574785 143578649 -1 143602045 A G 1
1 0 9176 11 130159782 130210362 1 130159766 T C -1
1 0 9363 11 44095648 44251962 1 44066439 G T 1
1 0 9469 2 37084518 37099244 1 37090314 A C 1
1 0 9572 4 5051480 5500994 1 5416812 C T -1
1 0 9627 5 1456480 1523962 -1 1504116 C T -1
1 0 9728 8 11421476 11475908 -1 11493711 A C 1
1 0 9844 14 22773222 22829820 -1 22803905 T C 1
