0 0 10284 17 48908407 48929056 1 48908231 A C -1
0 0 10284 17 48908407 48929056 1 48916008 G A -1
0 0 10293 21 36135079 36146562 1 36156202 C G -1
0 0 10293 21 36135079 36146562 1 36156559 C A -1
0 0 10504 3 46979666 47009704 1 46987936 G A -1
0 0 10504 3 46979666 47009704 1 46988171 G A 1
0 0 10504 3 46979666 47009704 1 47031131 T A -1
0 0 11197 4 127965315 128039953 1 127965630 A G -1
0 0 11197 4 127965315 128039953 1 128061635 G T -1
0 0 11287 5 96760810 96808100 -1 96795133 T C 1
0 0 11288 5 96875986 96919703 1 96935934 A G 1
0 0 11355 7 107201372 107564261 -1 107175309 C G -1
0 0 11492 9 83739425 83829516 -1 83817664 G T -1
0 0 11508 7 73834590 73842516 -1 73851916 T A -1
0 0 11543 10 31805398 31928876 -1 31927959 T G -1
0 0 11787 10 73110375 73131828 1 73110749 A C -1
0 0 11787 10 73110375 73131828 1 73111011 T C -1
0 0 11787 10 73110375 73131828 1 73247046 A G -1
0 0 11979 22 41699503 41799456 1 41621260 A G -1
0 0 12233 3 41246599 41962130 -1 41961269 A G 1
0 0 12233 3 41246599 41962130 -1 41962206 T A 1
0 0 12376 19 34926903 34945170 1 34927191 G C -1
0 0 1244 17 46590669 46757679 1 46101473 T C 1
0 0 1244 17 46590669 46757679 1 46122649 T C 1
0 0 1244 17 46590669 46757679 1 46122667 T C 1
0 0 1244 17 46590669 46757679 1 46146125 C G 1
0 0 1244 17 46590669 46757679 1 46154251 A T 1
0 0 1244 17 46590669 46757679 1 46154461 T C 1
0 0 1244 17 46590669 46757679 1 46154566 G A 1
0 0 1244 17 46590669 46757679 1 46192815 G A -1
0 0 1244 17 46590669 46757679 1 46192927 G T 1
0 0 1244 17 46590669 46757679 1 46193558 C T 1
0 0 1244 17 46590669 46757679 1 46194064 A G 1
0 0 1244 17 46590669 46757679 1 46194146 G C 1
0 0 1244 17 46590669 46757679 1 46194634 G A 1
0 0 1244 17 46590669 46757679 1 46194900 A G 1
0 0 1244 17 46590669 46757679 1 46225000 G C 1
0 0 1244 17 46590669 46757679 1 46225515 C T 1
0 0 1244 17 46590669 46757679 1 46225538 T C 1
0 0 1244 17 46590669 46757679 1 46254220 G T 1
0 0 1244 17 46590669 46757679 1 46264504 A C 1
0 0 1244 17 46590669 46757679 1 46264985 T C 1
0 0 1244 17 46590669 46757679 1 46266812 T G 1
0 0 1244 17 46590669 46757679 1 46266856 C G 1
0 0 1244 17 46590669 46757679 1 46266861 C G 1
0 0 1244 17 46590669 46757679 1 46266927 C G 1
0 0 1244 17 46590669 46757679 1 46266934 G T 1
0 0 1244 17 46590669 46757679 1 46267010 G A 1
0 0 1244 17 46590669 46757679 1 46267043 A C 1
0 0 1244 17 46590669 46757679 1 46267165 G A 1
0 0 1244 17 46590669 46757679 1 46287153 C G 1
0 0 1244 17 46590669 46757679 1 46287218 C T 1
0 0 1249 11 77514936 77637794 -1 77589696 G T 1
0 0 1249 11 77514936 77637794 -1 77819825 C A 1
0 0 1249 11 77514936 77637794 -1 77820480 C G 1
0 0 12565 1 26317958 26320523 1 26317908 C T 1
0 0 12618 17 82078338 82098294 -1 82126720 C T -1
0 0 12618 17 82078338 82098294 -1 82126945 C T -1
0 0 12618 17 82078338 82098294 -1 82127268 G C -1
0 0 12618 17 82078338 82098294 -1 82127450 G A -1
0 0 12618 17 82078338 82098294 -1 82127465 A G -1
0 0 12618 17 82078338 82098294 -1 82128040 C T -1
0 0 13102 1 169792529 169794963 -1 169794673 A G -1
0 0 13102 1 169792529 169794963 -1 169894024 A C -1
0 0 13102 1 169792529 169794963 -1 169894240 G T -1
0 0 13139 1 121184811 121392874 1 121458637 G T -1
0 0 13289 3 183487551 183555706 -1 183659734 A C -1
0 0 13289 3 183487551 183555706 -1 183659877 A G -1
0 0 13800 15 34378935 34437808 -1 34436401 C A -1
0 0 13800 15 34378935 34437808 -1 34436502 T C -1
0 0 13800 15 34378935 34437808 -1 34436711 T G -1
0 0 13800 15 34378935 34437808 -1 34437267 G C -1
0 0 13800 15 34378935 34437808 -1 34437409 G A -1
0 0 13979 8 42541155 42555195 1 42541861 C T -1
0 0 14018 17 30769388 30824692 -1 30576376 A G 1
0 0 14018 17 30769388 30824692 -1 30731658 T A -1
0 0 14018 17 30769388 30824692 -1 30731712 C T -1
0 0 14018 17 30769388 30824692 -1 30731845 G A -1
0 0 14060 8 86468257 86514357 -1 86472440 C T 1
0 0 14060 8 86468257 86514357 -1 86508665 C A 1
0 0 1415 14 101761709 101927989 1 101761522 T C -1
0 0 14619 7 66376044 66493566 -1 66654003 T C 1
0 0 14619 7 66376044 66493566 -1 66696707 A G 1
0 0 14619 7 66376044 66493566 -1 66740233 A G 1
0 0 14619 7 66376044 66493566 -1 66740949 C G 1
0 0 14619 7 66376044 66493566 -1 66920834 C T 1
0 0 14619 7 66376044 66493566 -1 66921904 C T 1
0 0 14758 16 1826967 1840207 1 1827174 G A 1
0 0 14758 16 1826967 1840207 1 1855873 A C -1
0 0 14817 12 75391089 75432688 1 75391320 C T -1
0 0 14894 2 241734602 241768816 1 241298731 T C 1
0 0 15239 21 37073226 37203112 1 37072988 C G -1
0 0 15239 21 37073226 37203112 1 37073668 C T -1
0 0 15361 22 42079691 42084284 1 42079564 A G -1
0 0 1576 2 61476032 61538741 -1 61537005 C T -1
0 0 15789 17 43211835 43220041 1 43024671 T C -1
0 0 15789 17 43211835 43220041 1 43310023 A G -1
0 0 15789 17 43211835 43220041 1 43315939 T C -1
0 0 15789 17 43211835 43220041 1 43316084 T C -1
0 0 15789 17 43211835 43220041 1 43368042 A T -1
0 0 15789 17 43211835 43220041 1 43368091 G C -1
0 0 15929 1 212830141 212847649 -1 212857816 C T 1
0 0 15929 1 212830141 212847649 -1 212858131 A C 1
0 0 15929 1 212830141 212847649 -1 212858367 C T 1
0 0 15929 1 212830141 212847649 -1 212858606 G C 1
0 0 16168 3 44584888 44648471 1 44532989 G T -1
0 0 16168 3 44584888 44648471 1 44729451 C T 1
0 0 1621 11 67583742 67586656 1 67420995 C T 1
0 0 16213 6 149594873 149648972 -1 149718157 T C -1
0 0 16909 6 32577902 32589848 -1 32609813 G A -1
0 0 16909 6 32577902 32589848 -1 32609868 C T -1
0 0 16909 6 32577902 32589848 -1 32609938 G T -1
0 0 16909 6 32577902 32589848 -1 32610008 A G -1
0 0 16909 6 32577902 32589848 -1 32610112 T C -1
0 0 16909 6 32577902 32589848 -1 32610198 C T -1
0 0 16909 6 32577902 32589848 -1 32610204 A G -1
0 0 16961 19 21397119 21427577 1 21358906 A T -1
0 0 16961 19 21397119 21427577 1 21359494 A G -1
0 0 16966 6 44809317 45377953 -1 45156152 C A 1
0 0 16966 6 44809317 45377953 -1 45377994 T G 1
0 0 16985 1 207321519 207386804 1 207283129 T C -1
0 0 16985 1 207321519 207386804 1 207327866 T A -1
0 0 17199 19 21496682 21556270 1 21482835 T C 1
0 0 17464 19 12224686 12294883 -1 12294415 G A 1
0 0 17486 16 89490719 89557766 1 89508168 G A 1
0 0 17566 2 190189735 190344193 -1 190360026 T G -1
0 0 17655 19 36916316 37005037 1 36973473 G A 1
0 0 17655 19 36916316 37005037 1 36973734 T G 1
0 0 17669 17 43125551 43153671 1 43310090 T C -1
0 0 17669 17 43125551 43153671 1 43315904 G A -1
0 0 17669 17 43125551 43153671 1 43316084 T C -1
0 0 1863 16 30092314 30096915 -1 30011243 A G 1
0 0 1948 14 22946228 22957161 -1 22919173 A C -1
0 0 1948 14 22946228 22957161 -1 22929693 C T -1
0 0 19801 6 31268749 31272130 -1 31197956 C T -1
0 0 19801 6 31268749 31272130 -1 31204147 A G -1
0 0 19854 6 29722775 29738528 1 29752692 A G -1
0 0 19854 6 29722775 29738528 1 29793411 G A -1
0 0 19854 6 29722775 29738528 1 29793474 A T -1
0 0 19854 6 29722775 29738528 1 29793484 A G -1
0 0 2207 22 38483438 38507660 -1 38735722 T G 1
0 0 2207 22 38483438 38507660 -1 38751710 C T 1
0 0 22224 7 64990356 65006743 -1 65037990 C A 1
0 0 22308 2 28751640 28802940 1 28784989 C G 1
0 0 22658 17 46193566 46197842 1 45873754 T C 1
0 0 22658 17 46193566 46197842 1 45873979 C A 1
0 0 22658 17 46193566 46197842 1 45894238 C G 1
0 0 22658 17 46193566 46197842 1 45895714 A G 1
0 0 22658 17 46193566 46197842 1 46002673 T G 1
0 0 22658 17 46193566 46197842 1 46003042 G C 1
0 0 22658 17 46193566 46197842 1 46044551 C T 1
0 0 22658 17 46193566 46197842 1 46101473 T C 1
0 0 22658 17 46193566 46197842 1 46122667 T C 1
0 0 22658 17 46193566 46197842 1 46146021 T C 1
0 0 22658 17 46193566 46197842 1 46154251 A T 1
0 0 22658 17 46193566 46197842 1 46192927 G T 1
0 0 22658 17 46193566 46197842 1 46193443 A G 1
0 0 22658 17 46193566 46197842 1 46193786 G A 1
0 0 22658 17 46193566 46197842 1 46225000 G C 1
0 0 22658 17 46193566 46197842 1 46225515 C T 1
0 0 22658 17 46193566 46197842 1 46267010 G A 1
0 0 22658 17 46193566 46197842 1 46267043 A C 1
0 0 22658 17 46193566 46197842 1 46267444 T G 1
0 0 22658 17 46193566 46197842 1 46287153 C G 1
0 0 2306 14 24439766 24442905 -1 24442646 C G -1
0 0 2373 14 90256527 90275429 1 90256235 C T 1
0 0 2373 14 90256527 90275429 1 90256434 G A 1
0 0 2373 14 90256527 90275429 1 90256656 A G 1
0 0 25988 3 48625723 48635493 -1 48656714 G A 1
0 0 27106 13 79406293 79427317 1 79391461 T C -1
0 0 27106 13 79406293 79427317 1 79392810 T C -1
0 0 27106 13 79406293 79427317 1 79393998 G A 1
0 0 27960 17 46274784 46361766 -1 45894238 C G -1
0 0 27960 17 46274784 46361766 -1 45894419 A G -1
0 0 27960 17 46274784 46361766 -1 45894571 C A -1
0 0 27960 17 46274784 46361766 -1 45894776 G A -1
0 0 27960 17 46274784 46361766 -1 45895755 G C -1
0 0 27960 17 46274784 46361766 -1 46003042 G C -1
0 0 27960 17 46274784 46361766 -1 46044551 C T -1
0 0 27960 17 46274784 46361766 -1 46122667 T C -1
0 0 27960 17 46274784 46361766 -1 46122712 A T -1
0 0 27960 17 46274784 46361766 -1 46146021 T C -1
0 0 27960 17 46274784 46361766 -1 46193786 G A -1
0 0 27960 17 46274784 46361766 -1 46194634 G A -1
0 0 27960 17 46274784 46361766 -1 46194900 A G -1
0 0 27960 17 46274784 46361766 -1 46213393 T C -1
0 0 29108 6 2851230 2881407 -1 2861465 A G 1
0 0 31965 9 128108581 128118693 -1 128088965 G A -1
0 0 32002 7 117998858 118004045 -1 118184547 C T 1
0 0 32002 7 117998858 118004045 -1 118195894 A G 1
0 0 32002 7 117998858 118004045 -1 118214204 T G 1
0 0 32002 7 117998858 118004045 -1 118214687 C G 1
0 0 32546 6 145799409 145887430 1 145814989 G T 1
0 0 3324 7 43608456 43729717 -1 43583894 C T 1
0 0 3324 7 43608456 43729717 -1 43637353 A G 1
0 0 3324 7 43608456 43729717 -1 43637506 T C 1
0 0 3324 7 43608456 43729717 -1 43659217 T C 1
0 0 3324 7 43608456 43729717 -1 43659704 T C 1
0 0 3324 7 43608456 43729717 -1 43669305 C T 1
0 0 3324 7 43608456 43729717 -1 43729173 T C 1
0 0 3324 7 43608456 43729717 -1 43729550 G T 1
0 0 338 12 31073860 31104799 1 31074587 T G -1
0 0 34148 17 46511508 46556910 1 46044551 C T 1
0 0 34148 17 46511508 46556910 1 46101473 T C 1
0 0 34148 17 46511508 46556910 1 46122649 T C 1
0 0 34148 17 46511508 46556910 1 46146021 T C 1
0 0 34148 17 46511508 46556910 1 46154251 A T 1
0 0 34148 17 46511508 46556910 1 46192927 G T 1
0 0 34148 17 46511508 46556910 1 46193786 G A 1
0 0 34148 17 46511508 46556910 1 46194634 G A 1
0 0 34148 17 46511508 46556910 1 46225515 C T 1
0 0 34148 17 46511508 46556910 1 46266812 T G 1
0 0 34148 17 46511508 46556910 1 46267010 G A 1
0 0 34148 17 46511508 46556910 1 46267043 A C 1
0 0 34148 17 46511508 46556910 1 46267090 T C 1
0 0 34148 17 46511508 46556910 1 46267444 T G 1
0 0 3438 10 84328586 84518521 1 84363958 G A -1
0 0 3510 17 58692573 58735611 1 58659186 G A 1
0 0 3510 17 58692573 58735611 1 58692618 C T 1
0 0 3551 17 63819433 63830012 -1 63707603 C A 1
0 0 3551 17 63819433 63830012 -1 63741862 C A 1
0 0 3551 17 63819433 63830012 -1 63742600 G A 1
0 0 3551 17 63819433 63830012 -1 63774125 C A 1
0 0 3551 17 63819433 63830012 -1 63774391 T G 1
0 0 3551 17 63819433 63830012 -1 63827186 A G 1
0 0 3551 17 63819433 63830012 -1 63827364 T C 1
0 0 3551 17 63819433 63830012 -1 63827368 G A 1
0 0 3551 17 63819433 63830012 -1 63834901 C T 1
0 0 3551 17 63819433 63830012 -1 63835032 C T 1
0 0 3551 17 63819433 63830012 -1 63843137 T C 1
0 0 3551 17 63819433 63830012 -1 63843531 C G 1
0 0 35723 1 28505980 28510892 1 28505583 C T 1
0 0 35723 1 28505980 28510892 1 28506074 T G 1
0 0 35723 1 28505980 28510892 1 28506175 A G 1
0 0 35723 1 28505980 28510892 1 28649120 T G 1
0 0 3587 17 43014607 43025123 -1 43024671 T C -1
0 0 3587 17 43014607 43025123 -1 43310090 T C -1
0 0 3587 17 43014607 43025123 -1 43315939 T C -1
0 0 3587 17 43014607 43025123 -1 43334234 G C -1
0 0 36201 7 66628881 66649067 1 66591949 A T 1
0 0 36201 7 66628881 66649067 1 66592172 C G 1
0 0 36201 7 66628881 66649067 1 66921009 A G 1
0 0 3649 4 102501330 102617302 1 102630661 C T -1
0 0 3879 12 113098819 113136239 -1 113221455 T C 1
0 0 3963 6 118460772 118710075 -1 118665009 A G 1
0 0 4108 5 140691430 140699305 1 140726393 C A 1
0 0 41777 9 97238449 97297314 1 97221479 G A 1
0 0 41777 9 97238449 97297314 1 97221530 T C 1
0 0 4193 5 65563236 65587549 1 65624164 G A -1
0 0 4193 5 65563236 65587549 1 65624664 T C -1
0 0 4301 3 131026850 131350465 1 130893622 G A 1
0 0 4316 3 40309707 40312424 1 40309993 C T -1
0 0 43184 12 75483454 75489820 -1 75390993 C T -1
0 0 43184 12 75483454 75489820 -1 75391320 C T -1
0 0 43184 12 75483454 75489820 -1 75480296 T C -1
0 0 4319 3 183635610 183684519 1 183647696 C T -1
0 0 4319 3 183635610 183684519 1 183659877 A G -1
0 0 44619 15 45235930 45279251 -1 45279200 C G 1
0 0 44619 15 45235930 45279251 -1 45402381 C T -1
0 0 44619 15 45235930 45279251 -1 45402412 C T -1
0 0 4475 2 37201612 37231596 -1 37323760 T C -1
0 0 454 6 166922113 166957191 -1 166989912 T G -1
0 0 454 6 166922113 166957191 -1 166989955 T C -1
0 0 45632 16 31043150 31049868 1 31033362 A G 1
0 0 46098 16 11881075 11882569 -1 11851374 T C -1
0 0 4636 1 236518000 236552981 1 236545795 G C -1
0 0 4636 1 236518000 236552981 1 236545904 A G -1
0 0 4636 1 236518000 236552981 1 236545923 C T -1
0 0 4636 1 236518000 236552981 1 236603876 C G -1
0 0 4636 1 236518000 236552981 1 236604526 T C -1
0 0 46585 16 3100696 3143734 -1 3150659 G A 1
0 0 4668 1 85649417 85708433 -1 85708549 G T 1
0 0 4682 1 23557926 23559501 -1 23528396 G A -1
0 0 4706 1 46340789 46365152 1 46340570 G T 1
0 0 4706 1 46340789 46365152 1 46340757 A T 1
0 0 4706 1 46340789 46365152 1 46340808 C T 1
0 0 4706 1 46340789 46365152 1 46340878 C T 1
0 0 4706 1 46340789 46365152 1 46341031 A G 1
0 0 4706 1 46340789 46365152 1 46348188 C T 1
0 0 4706 1 46340789 46365152 1 46348216 T C 1
0 0 4706 1 46340789 46365152 1 46348336 C T 1
0 0 4706 1 46340789 46365152 1 46348420 T G 1
0 0 4982 10 119104086 119137984 1 119091119 A G -1
0 0 4994 17 46029916 46225389 -1 45873754 T C -1
0 0 4994 17 46029916 46225389 -1 45873754 T C 1
0 0 4994 17 46029916 46225389 -1 45873854 T G -1
0 0 4994 17 46029916 46225389 -1 45873979 C A 1
0 0 4994 17 46029916 46225389 -1 45874351 G A -1
0 0 4994 17 46029916 46225389 -1 45874351 G A 1
0 0 4994 17 46029916 46225389 -1 45894238 C G 1
0 0 4994 17 46029916 46225389 -1 45894419 A G -1
0 0 4994 17 46029916 46225389 -1 45894419 A G 1
0 0 4994 17 46029916 46225389 -1 45894776 G A -1
0 0 4994 17 46029916 46225389 -1 45894776 G A 1
0 0 4994 17 46029916 46225389 -1 45895714 A G -1
0 0 4994 17 46029916 46225389 -1 45895755 G C -1
0 0 4994 17 46029916 46225389 -1 45895755 G C 1
0 0 4994 17 46029916 46225389 -1 46002673 T G -1
0 0 4994 17 46029916 46225389 -1 46003042 G C -1
0 0 4994 17 46029916 46225389 -1 46003042 G C 1
0 0 4994 17 46029916 46225389 -1 46044551 C T 1
0 0 4994 17 46029916 46225389 -1 46101473 T C -1
0 0 4994 17 46029916 46225389 -1 46101473 T C 1
0 0 4994 17 46029916 46225389 -1 46122649 T C 1
0 0 4994 17 46029916 46225389 -1 46122667 T C -1
0 0 4994 17 46029916 46225389 -1 46146125 C G 1
0 0 4994 17 46029916 46225389 -1 46147416 A T -1
0 0 4994 17 46029916 46225389 -1 46154251 A T 1
0 0 4994 17 46029916 46225389 -1 46154461 T C -1
0 0 4994 17 46029916 46225389 -1 46154566 G A 1
0 0 4994 17 46029916 46225389 -1 46179344 G C 1
0 0 4994 17 46029916 46225389 -1 46192927 G T -1
0 0 4994 17 46029916 46225389 -1 46193130 G A -1
0 0 4994 17 46029916 46225389 -1 46193465 C A 1
0 0 4994 17 46029916 46225389 -1 46193558 C T -1
0 0 4994 17 46029916 46225389 -1 46194029 G T 1
0 0 4994 17 46029916 46225389 -1 46194059 T G 1
0 0 4994 17 46029916 46225389 -1 46194064 A G -1
0 0 4994 17 46029916 46225389 -1 46225515 C T -1
0 0 4994 17 46029916 46225389 -1 46225515 C T 1
0 0 4994 17 46029916 46225389 -1 46254206 G T -1
0 0 4994 17 46029916 46225389 -1 46254220 G T -1
0 0 4994 17 46029916 46225389 -1 46264504 A C -1
0 0 4994 17 46029916 46225389 -1 46264757 G C 1
0 0 4994 17 46029916 46225389 -1 46264961 T G 1
0 0 4994 17 46029916 46225389 -1 46264985 T C -1
0 0 4994 17 46029916 46225389 -1 46266731 G C -1
0 0 4994 17 46029916 46225389 -1 46266731 G C 1
0 0 4994 17 46029916 46225389 -1 46266853 C T -1
0 0 4994 17 46029916 46225389 -1 46266856 C G -1
0 0 4994 17 46029916 46225389 -1 46266861 C G -1
0 0 4994 17 46029916 46225389 -1 46266873 A T -1
0 0 4994 17 46029916 46225389 -1 46266934 G T -1
0 0 4994 17 46029916 46225389 -1 46266934 G T 1
0 0 4994 17 46029916 46225389 -1 46267002 C T 1
0 0 4994 17 46029916 46225389 -1 46267010 G A -1
0 0 4994 17 46029916 46225389 -1 46267043 A C 1
0 0 4994 17 46029916 46225389 -1 46267080 G T 1
0 0 4994 17 46029916 46225389 -1 46267090 T C -1
0 0 4994 17 46029916 46225389 -1 46267090 T C 1
0 0 4994 17 46029916 46225389 -1 46267095 G T -1
0 0 4994 17 46029916 46225389 -1 46267165 G A -1
0 0 4994 17 46029916 46225389 -1 46267175 C A 1
0 0 4994 17 46029916 46225389 -1 46267444 T G -1
0 0 4994 17 46029916 46225389 -1 46267492 A G 1
0 0 4994 17 46029916 46225389 -1 46286843 C T 1
0 0 4994 17 46029916 46225389 -1 46286969 G A 1
0 0 4994 17 46029916 46225389 -1 46287153 C G -1
0 0 4994 17 46029916 46225389 -1 46287172 G C 1
0 0 4994 17 46029916 46225389 -1 46287218 C T -1
0 0 4994 17 46029916 46225389 -1 46580116 G C -1
0 0 4994 17 46029916 46225389 -1 46580116 G C 1
0 0 5085 19 37613749 37692337 -1 37655499 T A 1
0 0 51034 8 33360839 33361415 -1 33484977 T A -1
0 0 51034 8 33360839 33361415 -1 33513467 A G -1
0 0 516 2 70295976 70302067 -1 70249066 G A 1
0 0 516 2 70295976 70302067 -1 70257733 G C 1
0 0 516 2 70295976 70302067 -1 70258188 C T 1
0 0 51666 3 136837338 136839021 -1 136819074 C T -1
0 0 51666 3 136837338 136839021 -1 136819135 A G -1
0 0 51666 3 136837338 136839021 -1 136820008 G C -1
0 0 51666 3 136837338 136839021 -1 136820105 C G -1
0 0 51666 3 136837338 136839021 -1 136820182 C A -1
0 0 51666 3 136837338 136839021 -1 136861682 A C -1
0 0 51666 3 136837338 136839021 -1 136882720 T A -1
0 0 51666 3 136837338 136839021 -1 136882803 G A -1
0 0 51666 3 136837338 136839021 -1 136885855 T C -1
0 0 5242 10 80150889 80205572 -1 79904842 C A 1
0 0 5278 7 33014130 33062796 -1 33062850 C T -1
0 0 5321 12 110627841 110704950 -1 110689892 G A -1
0 0 5508 4 42408373 42657121 -1 42671844 C T 1
0 0 5546 6 27374615 27403908 1 27389123 A G 1
0 0 5607 13 99254732 99261744 -1 99257424 C G 1
0 0 5607 13 99254732 99261744 -1 99291082 T A 1
0 0 5607 13 99254732 99261744 -1 99351854 G A 1
0 0 5706 20 23374519 23421519 -1 23362161 C G 1
0 0 57212 1 150173049 150181429 1 150150179 A G 1
0 0 57212 1 150173049 150181429 1 150151572 G T 1
0 0 57324 17 45586452 45588379 -1 45585803 T C 1
0 0 57324 17 45586452 45588379 -1 45585881 C A 1
0 0 57324 17 45586452 45588379 -1 45873854 T G 1
0 0 57324 17 45586452 45588379 -1 45895755 G C 1
0 0 57324 17 45586452 45588379 -1 46002673 T G 1
0 0 57324 17 45586452 45588379 -1 46003042 G C 1
0 0 57324 17 45586452 45588379 -1 46044551 C T 1
0 0 575 3 194640791 194672463 -1 194640985 T G -1
0 0 5845 14 59460363 59484408 -1 59484740 T C -1
0 0 58849 5 42983636 42993340 -1 43007507 T C -1
0 0 58849 5 42983636 42993340 -1 43007848 G A -1
0 0 58849 5 42983636 42993340 -1 43007952 G C -1
0 0 58849 5 42983636 42993340 -1 43019918 C T -1
0 0 59301 7 135170816 135172414 1 135148304 C G 1
0 0 59301 7 135170816 135172414 1 135170972 T C 1
0 0 5954 7 75899200 75986855 1 76048421 G A 1
0 0 59825 1 161368022 161371964 1 161367719 A G -1
0 0 6075 15 40405485 40435947 1 40565066 C A -1
0 0 6087 3 134477706 134486716 -1 134486229 G T 1
0 0 6087 3 134477706 134486716 -1 134486385 C T 1
0 0 6087 3 134477706 134486716 -1 134486389 C A 1
0 0 6087 3 134477706 134486716 -1 134492604 A G 1
0 0 6087 3 134477706 134486716 -1 134492807 C T 1
0 0 613 5 113513694 113595285 1 113514104 A C 1
0 0 6290 20 25673195 25696853 -1 25624019 A C -1
0 0 6290 20 25673195 25696853 -1 25624228 G T -1
0 0 630 3 47850690 48089272 -1 47789251 A C 1
0 0 6558 4 4235542 4248223 -1 4248247 C A -1
0 0 6558 4 4235542 4248223 -1 4248406 G C -1
0 0 6761 5 146110566 146182696 -1 146182719 G T 1
0 0 6761 5 146110566 146182696 -1 146183002 G A 1
0 0 7166 2 108449107 108509415 1 108449463 T C -1
0 0 7166 2 108449107 108509415 1 108534717 T G -1
0 0 7247 15 78437431 78501453 1 78541270 A G 1
0 0 7316 9 129827290 129835863 -1 129835442 T G -1
0 0 7320 9 126914774 127223166 1 126914612 G A -1
0 0 7320 9 126914774 127223166 1 126940968 G A -1
0 0 7320 9 126914774 127223166 1 126986158 C A -1
0 0 746 6 149566294 149591748 1 149718012 G A -1
0 0 746 6 149566294 149591748 1 149718225 C G -1
0 0 746 6 149566294 149591748 1 149718360 T C -1
0 0 7588 10 102461395 102477045 1 102612684 C T 1
0 0 7703 4 76949751 77040384 1 76989657 A G -1
0 0 7703 4 76949751 77040384 1 76990233 T C -1
0 0 7707 4 77713387 77819615 -1 77827888 G A 1
0 0 8361 1 151197949 151249536 1 151059191 T C -1
0 0 8429 1 224227334 224330189 -1 224341519 G A 1
0 0 8596 3 101779177 101843743 1 101561866 C T -1
0 0 8709 5 103120149 103212799 1 103111601 G A -1
0 0 9168 11 108157215 108222638 -1 108222481 A T 1
0 0 9168 11 108157215 108222638 -1 108236770 T G 1
0 0 925 2 196967017 197311173 -1 197323179 T C -1
0 0 9358 14 32329298 32837684 1 32203278 G A -1
0 0 9905 10 73253762 73358864 -1 73110749 A C -1
0 0 9905 10 73253762 73358864 -1 73111011 T C -1
1 0 10298 21 36320189 36386148 1 36298399 C A 1
1 0 10404 21 42371887 42396091 -1 42403997 A G 1
1 0 10408 21 42653621 42775509 1 42738295 C A -1
1 0 10430 21 44885953 44931989 -1 44914557 C T 1
1 0 1063 17 73334384 73644445 -1 73591438 G A -1
1 0 1104 22 19179473 19291719 -1 19291450 G C 1
1 0 1113 17 76624761 76643786 -1 76643729 A G -1
1 0 11341 5 56099680 56233330 -1 56148856 G A -1
1 0 1155 2 12716910 12742734 1 12717952 G A 1
1 0 11558 14 34709113 34714823 -1 34715040 T C 1
1 0 1177 2 127638381 127681786 -1 127642349 T C -1
1 0 11806 11 7513298 7657127 1 7527192 G A 1
1 0 12229 3 39107680 39138903 1 39107689 A G -1
1 0 1228 17 39904595 39919854 -1 39926578 T C -1
1 0 12319 16 74671855 74700960 -1 74701250 G A 1
1 0 12742 3 32238679 32370321 1 32245299 G A -1
1 0 12874 8 124550784 124728473 -1 124564869 C T -1
1 0 129 17 50543058 50555852 1 50547162 A C -1
1 0 13167 17 39921041 39927601 -1 39926578 T C -1
1 0 13408 3 122577628 122639047 1 122577987 A G 1
1 0 13945 5 147585438 147782775 -1 147782912 G A 1
1 0 1463 8 11795573 11839395 1 11820396 A C -1
1 0 14702 19 17794828 17813576 1 17795098 G A -1
1 0 15333 15 99715697 99733561 -1 99720455 A C -1
1 0 15333 15 99715697 99733561 -1 99733412 T C -1
1 0 15478 3 68004247 68545621 1 68057785 C T -1
1 0 15987 6 72621792 73198853 1 72613587 C A 1
1 0 16322 14 73958010 74019399 -1 73787115 C T 1
1 0 16485 1 156579723 156587719 1 156582056 A G -1
1 0 16599 19 9323772 9351162 1 9324196 C T -1
1 0 17111 16 69976297 70065948 -1 69930471 G A -1
1 0 17202 19 21722771 21767579 -1 21767600 T C -1
1 0 17426 12 56041351 56044697 1 56042145 C G -1
1 0 17540 5 177403204 177442901 1 177607785 T C 1
1 0 1845 12 6747996 6767475 -1 6753093 G C -1
1 0 1942 17 44011188 44023946 -1 44014960 A G -1
1 0 19687 17 81665036 81666635 -1 81663208 A G -1
1 0 19801 6 31268749 31272130 -1 31272264 C T -1
1 0 19801 6 31268749 31272130 -1 31272351 C T -1
1 0 21428 7 38358512 38359162 -1 38359180 G T -1
1 0 2281 22 45308968 45341955 1 45318517 C T -1
1 0 2475 20 4780023 4823608 -1 4814481 G A 1
1 0 2547 18 3066807 3219968 -1 3247258 A C 1
1 0 25691 12 9936504 9943495 -1 9943487 G C 1
1 0 26628 10 80529592 80536026 -1 80535642 G A -1
1 0 27139 2 161244720 161249095 1 161244750 G A -1
1 0 28230 10 17214239 17230018 -1 17229401 G C 1
1 0 28244 7 143407784 143523449 1 143407723 G A -1
1 0 32902 2 74919555 74924846 -1 74958729 G T 1
1 0 3370 9 127866486 127877675 -1 127906678 A G -1
1 0 34051 21 33915534 33977703 1 33931656 T C 1
1 0 34749 22 39077067 39087743 1 39077041 C G -1
1 0 3485 19 55385932 55403250 1 55385959 A G -1
1 0 3659 4 142023160 142847432 -1 142704109 G A 1
1 0 36813 8 22984596 23019335 -1 23019226 C T -1
1 0 3750 11 94128841 94181968 1 94128854 C T 1
1 0 3775 11 44065925 44084237 1 44066439 G T 1
1 0 3783 11 2899721 2925246 1 2901861 T G 1
1 0 38091 4 142566019 142660950 1 142704109 G A 1
1 0 4096 6 26457904 26476621 1 26440815 T C -1
1 0 4159 5 80960363 81230162 1 80973193 G A 1
1 0 4180 5 1050384 1112063 -1 1104823 C T -1
1 0 42168 11 327171 330190 1 327334 C T 1
1 0 46431 16 3076911 3087112 -1 3086918 T C 1
1 0 4682 1 23557926 23559501 -1 23559582 T C 1
1 0 4910 14 72926377 72959703 1 72926683 G A 1
1 0 4915 14 94127779 94130253 -1 94129652 T C -1
1 0 49607 19 52650447 52690496 -1 52690517 A G -1
1 0 5065 13 43023203 43114213 1 43023570 C T -1
1 0 51227 18 3245288 3247433 -1 3247258 A C 1
1 0 5280 7 5898725 5926550 1 5530196 G A 1
1 0 5350 5 65517766 65563168 -1 65562860 G C -1
1 0 5955 7 77193369 77199848 -1 77199636 C T 1
1 0 6119 19 10553085 10566031 -1 10553956 A G 1
1 0 6286 9 137459952 137550402 -1 137551714 C A 1
1 0 6450 16 1528688 1555580 1 1533633 T C 1
1 0 6564 7 50444128 50450390 -1 50394440 A G 1
1 0 6828 1 109733932 109741038 -1 109740350 G T 1
1 0 7324 9 127907886 127917041 -1 127906678 A G -1
1 0 7935 15 78264086 78282196 1 78265378 C G 1
1 0 8001 16 56989485 57083531 1 57041268 A G 1
1 0 8122 17 82614562 82648553 -1 82647768 A G -1
1 0 8196 19 8580240 8610735 -1 8610229 G C 1
1 0 8641 4 958887 986895 -1 973551 C G 1
1 0 8668 4 119317250 119322138 -1 119371078 A T -1
1 0 9363 11 44095648 44251962 1 44066439 G T 1
1 0 9544 2 33436324 33564750 1 33475871 A C -1
1 0 9773 17 35435096 35448837 -1 35432666 T G 1
1 0 9818 9 15163622 15307360 -1 15299592 T C 1
1 0 9884 3 141228726 141367753 1 141266855 G A -1
1 0 9921 1 111117163 111140203 -1 111139496 C T -1
1 0 9967 10 69220332 69267552 1 69232960 G A -1
