0 0 10236 16 89720400 89740925 1 89765112 A T -1
0 0 10236 16 89720400 89740925 1 89765150 C T -1
0 0 10236 16 89720400 89740925 1 89784596 A G -1
0 0 10694 1 6521347 6554513 -1 6554593 C G 1
0 0 11004 3 13549125 13638422 1 13544712 G A 1
0 0 11075 3 9933793 9945413 1 10026110 A G 1
0 0 11075 3 9933793 9945413 1 10026113 T C 1
0 0 11075 3 9933793 9945413 1 10026288 C T 1
0 0 11640 10 68827531 68895432 1 68827241 G C 1
0 0 11787 10 73110375 73131828 1 73247046 A G -1
0 0 11811 18 63970029 64019779 1 63964213 C T -1
0 0 11934 12 57095408 57132139 -1 56805073 T C 1
0 0 11981 9 125747345 125967377 1 125829922 A G 1
0 0 12233 3 41246599 41962130 -1 41961877 C A 1
0 0 12233 3 41246599 41962130 -1 41962206 T A 1
0 0 12311 2 241315100 241354027 1 241636697 C G 1
0 0 12311 2 241315100 241354027 1 241637362 C T 1
0 0 1249 11 77514936 77637794 -1 77819825 C A 1
0 0 1249 11 77514936 77637794 -1 77820480 C G 1
0 0 12565 1 26317958 26320523 1 26321543 C T -1
0 0 12618 17 82078338 82098294 -1 82120360 C T -1
0 0 12618 17 82078338 82098294 -1 82126663 T C -1
0 0 12618 17 82078338 82098294 -1 82126720 C T -1
0 0 12618 17 82078338 82098294 -1 82127334 A G -1
0 0 12618 17 82078338 82098294 -1 82127450 G A -1
0 0 12726 11 11841423 11961887 1 11799086 A G -1
0 0 1291 11 108116695 108147603 1 108222481 A T -1
0 0 1291 11 108116695 108147603 1 108236770 T G -1
0 0 13040 5 40679915 40693735 1 40679396 T C -1
0 0 13167 17 39921041 39927601 -1 39813896 A G -1
0 0 13167 17 39921041 39927601 -1 39864166 T C -1
0 0 13176 3 48290722 48301685 -1 48241004 T C -1
0 0 13176 3 48290722 48301685 -1 48301392 C T -1
0 0 13176 3 48290722 48301685 -1 48301800 C T -1
0 0 13349 11 71453109 71524107 1 71452973 T C 1
0 0 13349 11 71453109 71524107 1 71453000 C G 1
0 0 13349 11 71453109 71524107 1 71453001 C A 1
0 0 13349 11 71453109 71524107 1 71453498 A C 1
0 0 1349 10 103087185 103277605 -1 102854593 C T 1
0 0 1349 10 103087185 103277605 -1 103192742 C T 1
0 0 13697 4 112145454 112195256 1 112183449 G A -1
0 0 14018 17 30769388 30824692 -1 30709258 C A -1
0 0 14018 17 30769388 30824692 -1 30709407 A T -1
0 0 14018 17 30769388 30824692 -1 30731513 C G -1
0 0 14018 17 30769388 30824692 -1 30731712 C T -1
0 0 14018 17 30769388 30824692 -1 30731845 G A -1
0 0 14060 8 86468257 86514357 -1 86343583 T C 1
0 0 14607 6 32659467 32668383 -1 32666737 A G -1
0 0 14619 7 66376044 66493566 -1 66493276 G C 1
0 0 14619 7 66376044 66493566 -1 66506441 G T 1
0 0 14619 7 66376044 66493566 -1 66558144 G T 1
0 0 14619 7 66376044 66493566 -1 66654830 C G 1
0 0 14619 7 66376044 66493566 -1 66682602 T C 1
0 0 14619 7 66376044 66493566 -1 66740563 C T 1
0 0 14619 7 66376044 66493566 -1 66740949 C G 1
0 0 14619 7 66376044 66493566 -1 66741130 C G 1
0 0 14796 3 56557161 56621837 1 56683191 T C 1
0 0 14796 3 56557161 56621837 1 56683528 T C 1
0 0 14817 12 75391089 75432688 1 75438003 A G -1
0 0 14817 12 75391089 75432688 1 75457480 T C -1
0 0 1492 6 108984309 109094846 -1 109009164 A G 1
0 0 15171 21 46286342 46297751 1 46286621 C A -1
0 0 15239 21 37073226 37203112 1 37074019 A G 1
0 0 15948 17 81843159 81860856 -1 81860900 A G 1
0 0 15948 17 81843159 81860856 -1 81870416 G T 1
0 0 15991 15 78810487 78898139 1 78910020 C T -1
0 0 16599 19 9323772 9351162 1 9435784 C T -1
0 0 1667 8 38225218 38275558 1 38368759 A G 1
0 0 16756 9 20999509 21031640 -1 20941310 G C 1
0 0 16985 1 207321519 207386804 1 207336020 C T -1
0 0 17055 12 56712305 56731628 -1 56636242 T C 1
0 0 17096 3 44712643 44723831 1 44729451 C T 1
0 0 17096 3 44712643 44723831 1 44761331 G A 1
0 0 17121 6 32628179 32647062 1 32666737 A G -1
0 0 17454 9 97307304 97378751 1 97238797 C G -1
0 0 17486 16 89490719 89557766 1 89454044 A G -1
0 0 17486 16 89490719 89557766 1 89455452 A G -1
0 0 17486 16 89490719 89557766 1 89476749 A C -1
0 0 1758 2 119759922 119984899 1 119759674 C A -1
0 0 17595 3 49029707 49094363 -1 49412205 G A -1
0 0 17595 3 49029707 49094363 -1 49429438 A G 1
0 0 17599 17 63773603 63819317 1 63843137 T C -1
0 0 17661 1 212852105 212858139 -1 212857816 C T 1
0 0 17661 1 212852105 212858139 -1 212858008 C T 1
0 0 17669 17 43125551 43153671 1 43310023 A G -1
0 0 17669 17 43125551 43153671 1 43315904 G A -1
0 0 17669 17 43125551 43153671 1 43315909 T C -1
0 0 17669 17 43125551 43153671 1 43315939 T C -1
0 0 17669 17 43125551 43153671 1 43316084 T C -1
0 0 1772 13 110878540 110915069 -1 110915038 T C -1
0 0 1803 12 111842013 111902222 1 111842427 C T -1
0 0 1825 12 118136124 118145584 1 118357488 G T -1
0 0 1906 7 76461676 76505995 1 76047669 G A -1
0 0 1906 7 76461676 76505995 1 76047670 A T -1
0 0 1906 7 76461676 76505995 1 76166917 C T 1
0 0 1906 7 76461676 76505995 1 76445802 C T 1
0 0 19801 6 31268749 31272130 -1 31158184 T C -1
0 0 19801 6 31268749 31272130 -1 31180519 G A -1
0 0 19801 6 31268749 31272130 -1 31197438 T C -1
0 0 19801 6 31268749 31272130 -1 31197730 G T -1
0 0 19801 6 31268749 31272130 -1 31203447 G T -1
0 0 19801 6 31268749 31272130 -1 31204380 G T -1
0 0 19801 6 31268749 31272130 -1 31266730 T C -1
0 0 19801 6 31268749 31272130 -1 31266779 A T -1
0 0 19801 6 31268749 31272130 -1 31266789 T C -1
0 0 19801 6 31268749 31272130 -1 31266865 A C -1
0 0 19801 6 31268749 31272130 -1 31266965 C G -1
0 0 19801 6 31268749 31272130 -1 31266994 A G -1
0 0 19801 6 31268749 31272130 -1 31267059 C G -1
0 0 19801 6 31268749 31272130 -1 31267074 C G -1
0 0 19801 6 31268749 31272130 -1 31267078 T C -1
0 0 20177 12 10412315 10420595 -1 10554496 C T -1
0 0 20276 6 31197760 31203968 1 31196923 G A 1
0 0 20276 6 31197760 31203968 1 31197373 G C 1
0 0 20276 6 31197760 31203968 1 31197789 T C 1
0 0 20276 6 31197760 31203968 1 31266717 T C 1
0 0 20276 6 31197760 31203968 1 31266789 T C 1
0 0 20276 6 31197760 31203968 1 31266865 A C 1
0 0 20276 6 31197760 31203968 1 31266965 C G 1
0 0 20276 6 31197760 31203968 1 31266994 A G 1
0 0 20276 6 31197760 31203968 1 31267074 C G 1
0 0 20276 6 31197760 31203968 1 31267078 T C 1
0 0 20297 3 15450133 15521751 -1 15647788 G A 1
0 0 21454 7 142720660 142721160 1 142796922 C G -1
0 0 22224 7 64990356 65006743 -1 65038750 A C -1
0 0 22658 17 46193566 46197842 1 45894238 C G 1
0 0 22658 17 46193566 46197842 1 45894419 A G 1
0 0 22658 17 46193566 46197842 1 45894776 G A 1
0 0 22658 17 46193566 46197842 1 46002673 T G 1
0 0 22658 17 46193566 46197842 1 46194064 A G 1
0 0 22658 17 46193566 46197842 1 46194900 A G 1
0 0 22658 17 46193566 46197842 1 46225000 G C 1
0 0 22658 17 46193566 46197842 1 46225515 C T 1
0 0 22695 11 71816512 71821548 -1 71786790 C G 1
0 0 2292 22 41447830 41529273 1 41589952 G T 1
0 0 2296 22 41598028 41621043 -1 41544367 T G 1
0 0 2327 14 67294371 67360265 -1 67240905 A T 1
0 0 2327 14 67294371 67360265 -1 67360193 A G 1
0 0 2346 14 77717599 77761207 -1 77761289 C G -1
0 0 2346 14 77717599 77761207 -1 77761491 C A -1
0 0 2349 14 60144119 60169856 -1 60091966 T C 1
0 0 2349 14 60144119 60169856 -1 60165528 G C -1
0 0 23565 19 11987617 12046275 1 11964623 C T -1
0 0 23565 19 11987617 12046275 1 11988360 A G -1
0 0 23565 19 11987617 12046275 1 11988476 A G -1
0 0 23565 19 11987617 12046275 1 12035555 T C -1
0 0 27106 13 79406293 79427317 1 79392903 A C 1
0 0 27106 13 79406293 79427317 1 79393998 G A -1
0 0 27106 13 79406293 79427317 1 79394076 T G 1
0 0 27106 13 79406293 79427317 1 79405544 T C 1
0 0 27106 13 79406293 79427317 1 79406330 C G -1
0 0 27225 1 42959049 42996814 1 42958261 G A 1
0 0 27225 1 42959049 42996814 1 42958380 A G 1
0 0 27960 17 46274784 46361766 -1 45894238 C G -1
0 0 27960 17 46274784 46361766 -1 45894419 A G -1
0 0 27960 17 46274784 46361766 -1 45894776 G A -1
0 0 27960 17 46274784 46361766 -1 46002673 T G -1
0 0 27960 17 46274784 46361766 -1 46154251 A T -1
0 0 27960 17 46274784 46361766 -1 46193443 A G -1
0 0 27960 17 46274784 46361766 -1 46193786 G A -1
0 0 27960 17 46274784 46361766 -1 46194634 G A -1
0 0 27960 17 46274784 46361766 -1 46194900 A G -1
0 0 28180 7 1160374 1165607 1 963412 C T -1
0 0 29265 7 23100214 23105703 -1 23106570 A G 1
0 0 30534 6 32756098 32763532 -1 32685955 G A 1
0 0 3111 19 51571283 51592510 1 51571318 C T 1
0 0 31946 6 31353872 31367067 -1 31266916 G A 1
0 0 32 12 8940361 8949761 -1 8992460 T C -1
0 0 32546 6 145799409 145887430 1 145634469 C T 1
0 0 32546 6 145799409 145887430 1 145814989 G T 1
0 0 33013 17 43216941 43305397 -1 43310023 A G -1
0 0 33013 17 43216941 43305397 -1 43315904 G A -1
0 0 33013 17 43216941 43305397 -1 43315919 A C 1
0 0 33013 17 43216941 43305397 -1 43315939 T C -1
0 0 3352 9 120600811 120714470 -1 120714674 G A 1
0 0 33629 7 66493607 66495758 1 66522725 C A 1
0 0 33629 7 66493607 66495758 1 66557934 T C -1
0 0 338 12 31073860 31104799 1 31073506 A G -1
0 0 338 12 31073860 31104799 1 31073901 T A -1
0 0 338 12 31073860 31104799 1 31074527 C G -1
0 0 338 12 31073860 31104799 1 31074546 G T -1
0 0 338 12 31073860 31104799 1 31117142 A C -1
0 0 338 12 31073860 31104799 1 31117215 G C -1
0 0 338 12 31073860 31104799 1 31117216 C A -1
0 0 33864 2 61145068 61164828 1 61177379 G A -1
0 0 34148 17 46511508 46556910 1 46154251 A T 1
0 0 34148 17 46511508 46556910 1 46192927 G T 1
0 0 34148 17 46511508 46556910 1 46193443 A G 1
0 0 34148 17 46511508 46556910 1 46193786 G A 1
0 0 34148 17 46511508 46556910 1 46194064 A G 1
0 0 34148 17 46511508 46556910 1 46194634 G A 1
0 0 34148 17 46511508 46556910 1 46194900 A G 1
0 0 34148 17 46511508 46556910 1 46266812 T G 1
0 0 34148 17 46511508 46556910 1 46266934 G T 1
0 0 34148 17 46511508 46556910 1 46267043 A C 1
0 0 34148 17 46511508 46556910 1 46267444 T G 1
0 0 34978 10 18513115 18545651 -1 18659912 C T 1
0 0 3551 17 63819433 63830012 -1 63741862 C A 1
0 0 3551 17 63819433 63830012 -1 63742600 G A 1
0 0 3551 17 63819433 63830012 -1 63774006 C G 1
0 0 3551 17 63819433 63830012 -1 63774391 T G 1
0 0 3551 17 63819433 63830012 -1 63827186 A G 1
0 0 3551 17 63819433 63830012 -1 63827364 T C 1
0 0 3551 17 63819433 63830012 -1 63835032 C T 1
0 0 3551 17 63819433 63830012 -1 63843137 T C 1
0 0 3551 17 63819433 63830012 -1 63843531 C G 1
0 0 36201 7 66628881 66649067 1 66592407 A G 1
0 0 36201 7 66628881 66649067 1 66635916 T G 1
0 0 36201 7 66628881 66649067 1 66921009 A G 1
0 0 36351 15 41837775 41848147 1 41827395 C A 1
0 0 36351 15 41837775 41848147 1 41827408 C T 1
0 0 36351 15 41837775 41848147 1 41827513 G A 1
0 0 3883 12 123602077 123620943 1 123584363 G A -1
0 0 3883 12 123602077 123620943 1 123585067 T A -1
0 0 3883 12 123602077 123620943 1 123601981 A G -1
0 0 3883 12 123602077 123620943 1 123712733 A C -1
0 0 39290 4 143559457 144343750 1 143907834 C G 1
0 0 3961 6 87322583 87399749 1 87152046 T C 1
0 0 3961 6 87322583 87399749 1 87174289 A G 1
0 0 402 11 94415570 94493885 -1 94493959 C A 1
0 0 4158 5 80654652 80876815 1 80668430 G A 1
0 0 4193 5 65563236 65587549 1 65624403 T C 1
0 0 4195 5 65589690 65625975 -1 65624050 C G -1
0 0 42212 12 11091287 11092313 -1 11171340 G C 1
0 0 42212 12 11091287 11092313 -1 11171577 C A 1
0 0 43051 12 42459366 42466128 1 42326432 C A 1
0 0 4418 2 98608579 98618515 1 98448728 T A 1
0 0 4418 2 98608579 98618515 1 98508913 C T 1
0 0 44236 14 73787355 73803300 1 73787509 G A 1
0 0 44236 14 73787355 73803300 1 73950242 G C 1
0 0 44236 14 73787355 73803300 1 74018430 C T 1
0 0 4460 2 241227264 241317061 -1 240851229 G A -1
0 0 45179 6 109382795 109383667 1 109382524 C A 1
0 0 45179 6 109382795 109383667 1 109441033 G A 1
0 0 45179 6 109382795 109383667 1 109454855 C G 1
0 0 45179 6 109382795 109383667 1 109483478 G T 1
0 0 454 6 166922113 166957191 -1 166957500 G C 1
0 0 4592 1 183554461 183590905 -1 183635770 A G 1
0 0 45942 2 218255319 218257366 1 218292256 G A -1
0 0 4670 1 205086142 205122015 -1 205141818 T C -1
0 0 4706 1 46340789 46365152 1 46340570 G T 1
0 0 4706 1 46340789 46365152 1 46340757 A T 1
0 0 4706 1 46340789 46365152 1 46340808 C T 1
0 0 4706 1 46340789 46365152 1 46341031 A G 1
0 0 4706 1 46340789 46365152 1 46348188 C T 1
0 0 4706 1 46340789 46365152 1 46348295 C T 1
0 0 4706 1 46340789 46365152 1 46348310 G A 1
0 0 4706 1 46340789 46365152 1 46348336 C T 1
0 0 4720 1 173477330 173488815 1 173477795 T G 1
0 0 4994 17 46029916 46225389 -1 45894238 C G 1
0 0 4994 17 46029916 46225389 -1 45894419 A G 1
0 0 4994 17 46029916 46225389 -1 45894571 C A -1
0 0 4994 17 46029916 46225389 -1 45894571 C A 1
0 0 4994 17 46029916 46225389 -1 45894776 G A 1
0 0 4994 17 46029916 46225389 -1 46002673 T G -1
0 0 4994 17 46029916 46225389 -1 46154251 A T -1
0 0 4994 17 46029916 46225389 -1 46154251 A T 1
0 0 4994 17 46029916 46225389 -1 46193443 A G -1
0 0 4994 17 46029916 46225389 -1 46193443 A G 1
0 0 4994 17 46029916 46225389 -1 46193786 G A 1
0 0 4994 17 46029916 46225389 -1 46194064 A G -1
0 0 4994 17 46029916 46225389 -1 46194064 A G 1
0 0 4994 17 46029916 46225389 -1 46194634 G A -1
0 0 4994 17 46029916 46225389 -1 46194634 G A 1
0 0 4994 17 46029916 46225389 -1 46225000 G C -1
0 0 4994 17 46029916 46225389 -1 46225000 G C 1
0 0 4994 17 46029916 46225389 -1 46225515 C T -1
0 0 4994 17 46029916 46225389 -1 46264961 T G 1
0 0 4994 17 46029916 46225389 -1 46266812 T G 1
0 0 4994 17 46029916 46225389 -1 46267043 A C 1
0 0 4994 17 46029916 46225389 -1 46267090 T C 1
0 0 4994 17 46029916 46225389 -1 46267444 T G 1
0 0 5024 5 140664868 140674124 1 140664707 C A -1
0 0 5062 13 41216369 41263577 -1 40982982 T C 1
0 0 5085 19 37613749 37692337 -1 37719610 T G 1
0 0 51305 7 66739829 66740642 -1 66493276 G C 1
0 0 51305 7 66739829 66740642 -1 66506441 G T 1
0 0 51305 7 66739829 66740642 -1 66558036 G A 1
0 0 51305 7 66739829 66740642 -1 66558144 G T 1
0 0 51305 7 66739829 66740642 -1 66654830 C G 1
0 0 51305 7 66739829 66740642 -1 66673091 T C 1
0 0 51305 7 66739829 66740642 -1 66682602 T C 1
0 0 51305 7 66739829 66740642 -1 66740233 A G 1
0 0 51305 7 66739829 66740642 -1 66740563 C T 1
0 0 51305 7 66739829 66740642 -1 66740949 C G 1
0 0 51305 7 66739829 66740642 -1 66741130 C G 1
0 0 51305 7 66739829 66740642 -1 66996425 C G 1
0 0 51305 7 66739829 66740642 -1 66996763 C T 1
0 0 51426 2 99141707 99151669 1 99155127 G T -1
0 0 516 2 70295976 70302067 -1 70190598 A G 1
0 0 516 2 70295976 70302067 -1 70258449 G C 1
0 0 516 2 70295976 70302067 -1 70258610 C G 1
0 0 516 2 70295976 70302067 -1 70293714 C T 1
0 0 516 2 70295976 70302067 -1 70293743 C T 1
0 0 51666 3 136837338 136839021 -1 136819074 C T -1
0 0 51666 3 136837338 136839021 -1 136819135 A G -1
0 0 51666 3 136837338 136839021 -1 136819538 G T -1
0 0 51666 3 136837338 136839021 -1 136820105 C G -1
0 0 51666 3 136837338 136839021 -1 136885855 T C -1
0 0 52185 17 68131462 68131907 1 68019980 C T -1
0 0 5242 10 80150889 80205572 -1 80187641 C T 1
0 0 5242 10 80150889 80205572 -1 80188299 G A 1
0 0 5242 10 80150889 80205572 -1 80205680 C A 1
0 0 5464 20 48921711 49036693 1 49278660 C T -1
0 0 55642 7 38330978 38378804 1 38353933 C T 1
0 0 55642 7 38330978 38378804 1 38359052 C T 1
0 0 5604 16 58707131 58734342 -1 58756420 C T -1
0 0 563 16 71637835 71724701 -1 71723484 C G -1
0 0 563 16 71637835 71724701 -1 71723492 A G -1
0 0 571 2 98444854 98594392 1 98445371 T C -1
0 0 571 2 98444854 98594392 1 98448728 T A -1
0 0 571 2 98444854 98594392 1 98508913 C T -1
0 0 57212 1 150173049 150181429 1 150151572 G T 1
0 0 5781 14 103561896 103714249 1 103629364 A C 1
0 0 5781 14 103561896 103714249 1 103629585 T C 1
0 0 5854 17 31316410 31321749 -1 31322205 A G 1
0 0 58849 5 42983636 42993340 -1 43007507 T C -1
0 0 58849 5 42983636 42993340 -1 43007848 G A -1
0 0 58849 5 42983636 42993340 -1 43008608 A G -1
0 0 58849 5 42983636 42993340 -1 43008815 A G -1
0 0 60193 5 50667071 50667836 -1 50744944 T C 1
0 0 60543 1 45583238 45583933 -1 45751050 A G -1
0 0 6081 15 61852389 62060473 -1 62060644 C T -1
0 0 6081 15 61852389 62060473 -1 62067151 C T -1
0 0 6087 3 134477706 134486716 -1 134486385 C T 1
0 0 6087 3 134477706 134486716 -1 134486389 C A 1
0 0 6087 3 134477706 134486716 -1 134492604 A G 1
0 0 613 5 113513694 113595285 1 113513600 C A 1
0 0 613 5 113513694 113595285 1 113513781 A G 1
0 0 653 5 65148738 65481920 -1 65624664 T C -1
0 0 653 5 65148738 65481920 -1 65624976 C T -1
0 0 6947 4 55427903 55546909 -1 55546002 C T 1
0 0 7080 6 109366514 109382467 -1 109382524 C A 1
0 0 7080 6 109366514 109382467 -1 109441033 G A 1
0 0 7147 2 218450251 218568351 -1 218568634 A C -1
0 0 7316 9 129827290 129835863 -1 129803664 T G -1
0 0 7337 9 99906654 99974534 1 100028397 C T 1
0 0 7337 9 99906654 99974534 1 100352594 G A 1
0 0 746 6 149566294 149591748 1 149718012 G A -1
0 0 746 6 149566294 149591748 1 149718157 T C -1
0 0 746 6 149566294 149591748 1 149746539 A G -1
0 0 7651 3 101324205 101513241 -1 101380347 G A -1
0 0 7651 3 101324205 101513241 -1 101390471 T A -1
0 0 7651 3 101324205 101513241 -1 101441495 T C -1
0 0 7707 4 77713387 77819615 -1 77862664 G T -1
0 0 7707 4 77713387 77819615 -1 77863279 T C -1
0 0 7787 12 95858952 95903828 1 95806104 T C -1
0 0 7907 15 43358172 43371043 -1 43511423 A C -1
0 0 8050 17 73232233 73248959 1 73231927 A G 1
0 0 8050 17 73232233 73248959 1 73232798 C T 1
0 0 8091 18 45687025 45752520 1 45686720 G A 1
0 0 8091 18 45687025 45752520 1 45687106 G A 1
0 0 9039 9 133351758 133356676 -1 133376399 A G -1
0 0 9097 10 109996368 110135565 1 109910462 C T 1
0 0 911 6 34792083 34877514 1 34792107 G C 1
0 0 911 6 34792083 34877514 1 34792177 A G 1
0 0 9168 11 108157215 108222638 -1 108236770 T G 1
0 0 9169 11 108222823 108369102 1 108222481 A T 1
0 0 9317 12 122920951 122981649 -1 122966471 G C -1
0 0 9317 12 122920951 122981649 -1 123132314 G A -1
0 0 9427 13 43823909 43879740 -1 43879647 G A -1
0 0 9747 2 175176258 175181710 -1 175181687 G A -1
0 0 9808 6 109492855 109691217 -1 109706902 C T -1
0 0 9905 10 73253762 73358864 -1 73414131 A G -1
1 0 10298 21 36320189 36386148 1 36298399 C A 1
1 0 10404 21 42371887 42396091 -1 42403997 A G 1
1 0 10408 21 42653621 42775509 1 42738295 C A -1
1 0 10599 19 50659255 50719802 -1 50713652 T G -1
1 0 1063 17 73334384 73644445 -1 73591438 G A -1
1 0 11022 3 19879472 19947025 -1 19946945 G C 1
1 0 11332 6 130144315 130365425 -1 130184229 A C -1
1 0 11806 11 7513298 7657127 1 7527192 G A 1
1 0 12120 8 142670308 142682725 1 142670280 T C 1
1 0 1228 17 39904595 39919854 -1 39926578 T C -1
1 0 12319 16 74671855 74700960 -1 74701250 G A 1
1 0 12337 8 22165140 22212326 1 22191277 T G -1
1 0 1239 3 186930325 187078553 1 186909388 G C 1
1 0 12874 8 124550784 124728473 -1 124564869 C T -1
1 0 129 17 50543058 50555852 1 50547162 A C -1
1 0 13167 17 39921041 39927601 -1 39926578 T C -1
1 0 13310 8 33370824 33473146 -1 33689371 T C 1
1 0 13873 16 11249619 11381662 1 11345446 G T -1
1 0 13926 3 3799431 3849834 1 3798787 A G 1
1 0 13945 5 147585438 147782775 -1 147782912 G A 1
1 0 13966 17 82101460 82212878 -1 82126968 C T 1
1 0 1463 8 11795573 11839395 1 11808828 A G 1
1 0 1463 8 11795573 11839395 1 11820396 A C -1
1 0 15478 3 68004247 68545621 1 68057785 C T -1
1 0 16485 1 156579723 156587719 1 156582056 A G -1
1 0 1712 19 48813018 48836510 -1 48835841 T C -1
1 0 17202 19 21722771 21767579 -1 21767600 T C -1
1 0 17426 12 56041351 56044697 1 56042145 C G -1
1 0 19 12 911736 990053 -1 949572 C G -1
1 0 1942 17 44011188 44023946 -1 44014960 A G -1
1 0 19696 6 32844078 32846500 1 32845024 G A -1
1 0 19801 6 31268749 31272130 -1 31272264 C T -1
1 0 19801 6 31268749 31272130 -1 31272351 C T -1
1 0 20228 22 26667693 26672654 -1 26671829 C T -1
1 0 2070 1 85156889 85201724 -1 85200473 T G 1
1 0 21428 7 38358512 38359162 -1 38359180 G T -1
1 0 2229 22 50502949 50507702 -1 50507370 C G 1
1 0 2269 22 36487190 36507221 -1 36507049 C T 1
1 0 2475 20 4780023 4823608 -1 4814481 G A 1
1 0 2547 18 3066807 3219968 -1 3247258 A C 1
1 0 2551 18 12991362 13125052 1 12991394 T C -1
1 0 26628 10 80529592 80536026 -1 80535642 G A -1
1 0 27139 2 161244720 161249095 1 161244750 G A -1
1 0 28230 10 17214239 17230018 -1 17229401 G C 1
1 0 28861 10 80046860 80078912 -1 80078900 A C 1
1 0 3366 9 114334156 114394405 -1 114386047 T C 1
1 0 3370 9 127866486 127877675 -1 127906678 A G -1
1 0 338 12 31073860 31104799 1 31117237 T C -1
1 0 34051 21 33915534 33977703 1 33931656 T C 1
1 0 3485 19 55385932 55403250 1 55385959 A G -1
1 0 36904 8 102239386 102253750 1 102239769 G A 1
1 0 3775 11 44065925 44084237 1 44066439 G T 1
1 0 4193 5 65563236 65587549 1 65562860 G C -1
1 0 42168 11 327171 330190 1 327334 C T 1
1 0 422 11 494512 507300 -1 507447 C T 1
1 0 42899 12 3871579 3910385 1 3962735 T G -1
1 0 43203 9 127867850 127906022 -1 127906678 A G -1
1 0 4682 1 23557926 23559501 -1 23559582 T C 1
1 0 4709 1 93345907 93369493 1 93346012 A G -1
1 0 49607 19 52650447 52690496 -1 52690517 A G -1
1 0 51227 18 3245288 3247433 -1 3247258 A C 1
1 0 5350 5 65517766 65563168 -1 65562860 G C -1
1 0 5597 4 8182072 8241803 1 8229218 A G 1
1 0 5612 13 95019835 95301475 -1 95185792 G T -1
1 0 58 19 35774532 35788822 1 35775920 A G -1
1 0 5802 17 40058290 40093867 1 40096407 G A 1
1 0 58631 10 1201406 1208389 -1 1240467 C A 1
1 0 5982 22 31944522 31957603 1 31944393 G A 1
1 0 6119 19 10553085 10566031 -1 10553956 A G 1
1 0 6236 6 106629578 106668417 1 106629627 G A -1
1 0 6828 1 109733932 109741038 -1 109740350 G T 1
1 0 7149 2 230864639 230879248 1 230877996 T G 1
1 0 7224 7 6577434 6589374 1 6577616 C G 1
1 0 7299 2 127048027 127107288 -1 127081898 G A 1
1 0 7390 9 37422666 37436990 1 37422659 C T 1
1 0 7889 14 73851831 73885726 1 73852011 A G -1
1 0 9084 10 84194537 84219621 1 84194464 C T 1
1 0 9171 11 134331988 134378341 1 134331970 T C -1
1 0 9205 11 118253416 118264536 -1 118264070 T G 1
1 0 9363 11 44095648 44251962 1 44066439 G T 1
1 0 9544 2 33436324 33564750 1 33475871 A C -1
1 0 9818 9 15163622 15307360 -1 15299592 T C 1
1 0 9933 21 29055805 29073797 -1 29073627 G A 1
1 0 9967 10 69220332 69267552 1 69232960 G A -1
