0 0 10031 16 18804860 18926408 -1 18801808 T G 1
0 0 10032 5 72956041 73090522 1 72956648 A G -1
0 0 10057 14 23953734 23969279 1 23953376 G C 1
0 0 10057 14 23953734 23969279 1 23953524 A G 1
0 0 10096 9 113410054 113429690 1 113548713 C T -1
0 0 10096 9 113410054 113429690 1 113565773 A G -1
0 0 10132 2 27442366 27446481 1 27356364 T C -1
0 0 10209 7 95772506 96110322 1 95837553 G A 1
0 0 10236 16 89720400 89740925 1 89730161 C T -1
0 0 10236 16 89720400 89740925 1 89828204 C A 1
0 0 10409 21 42843094 42879568 -1 42818547 G A -1
0 0 10409 21 42843094 42879568 -1 42834075 C T -1
0 0 10754 1 108560089 108644900 1 108540349 A C 1
0 0 1081 3 141876124 141926549 1 142064414 G A 1
0 0 1081 3 141876124 141926549 1 142140889 A G 1
0 0 10962 1 115976513 116070054 1 115976190 C A 1
0 0 11013 3 33496245 33718356 -1 33578813 G A 1
0 0 11185 3 48372219 48401259 1 48429347 C T -1
0 0 11187 3 48432164 48440456 -1 48429347 C T 1
0 0 11198 3 49857988 49869935 -1 49539955 G C 1
0 0 11206 3 52245759 52250599 1 52714841 C T -1
0 0 11234 4 151409176 151670503 1 151408252 A G -1
0 0 11234 4 151409176 151670503 1 151409142 C T -1
0 0 11250 5 60945177 61154531 1 60945414 G C 1
0 0 11250 5 60945177 61154531 1 60945623 C T 1
0 0 11529 23 84317874 84502479 -1 84502240 A G 1
0 0 11552 14 41606876 41904549 1 41600012 A C 1
0 0 11571 10 63521401 63625128 1 63252990 C T 1
0 0 11571 10 63521401 63625128 1 63504506 C T 1
0 0 11571 10 63521401 63625128 1 63515167 A G 1
0 0 11714 11 95789965 95832693 1 95790269 A G -1
0 0 11747 10 101354033 101557321 1 101442304 G A 1
0 0 11787 10 73110375 73131828 1 73111095 T G -1
0 0 11787 10 73110375 73131828 1 73111096 A C -1
0 0 11787 10 73110375 73131828 1 73247046 A G -1
0 0 11787 10 73110375 73131828 1 73529601 C A -1
0 0 11911 16 75443054 75465497 -1 75433123 G C -1
0 0 1195 5 132190147 132295315 -1 132180838 G A -1
0 0 12002 9 128818500 128822676 1 128882193 G A -1
0 0 12015 15 75903876 75942511 1 75965198 T C -1
0 0 1203 4 5748084 5893086 -1 5912681 A G 1
0 0 12117 19 38304164 38305006 1 38304610 G A -1
0 0 12193 8 55696424 55773407 -1 55773476 C T 1
0 0 12223 11 62856004 62888880 1 62791913 T C 1
0 0 12223 11 62856004 62888880 1 62841530 C G 1
0 0 12293 3 58427630 58433857 -1 58434815 T C 1
0 0 12294 3 58332880 58426127 1 58307374 A G 1
0 0 12311 2 241315100 241354027 1 241064070 C T -1
0 0 12324 4 40191011 40246967 1 39978257 T G -1
0 0 12350 1 31409565 31434680 1 31240016 C G -1
0 0 12387 5 34929559 34958964 1 34915843 A G 1
0 0 12398 12 123671110 123708399 1 123670979 A G 1
0 0 12405 15 43330672 43354569 1 43329749 A G -1
0 0 12405 15 43330672 43354569 1 43492656 C G -1
0 0 12555 1 28147166 28193936 -1 28259165 A G -1
0 0 12555 1 28147166 28193936 -1 28259281 A T -1
0 0 12564 8 96493813 96611790 1 96327888 C G 1
0 0 12602 2 112368369 112434488 -1 112509547 C T -1
0 0 12628 17 82031678 82034204 1 82032100 A T 1
0 0 12664 15 31475398 31870789 -1 31598467 C T 1
0 0 12754 14 75131469 75176612 -1 75088933 A T 1
0 0 12754 14 75131469 75176612 -1 75127136 T C 1
0 0 12785 5 139408588 139444491 -1 139439863 G T -1
0 0 12798 2 100271875 100322501 -1 100321866 T C 1
0 0 12798 2 100271875 100322501 -1 100322490 T C 1
0 0 12887 4 122888697 122922968 -1 123096066 G A -1
0 0 1291 11 108116695 108147603 1 108341366 A C -1
0 0 1302 10 38094334 38150293 1 38094358 G C 1
0 0 13089 15 45402336 45421415 1 45378653 G A 1
0 0 13090 15 45361124 45402327 -1 45378118 G A 1
0 0 13090 15 45361124 45402327 -1 45378653 G A 1
0 0 13102 1 169792529 169794963 -1 169794666 G C -1
0 0 13102 1 169792529 169794963 -1 169794673 A G -1
0 0 13102 1 169792529 169794963 -1 169894240 G T -1
0 0 1318 3 128693669 128825942 1 128617210 C T -1
0 0 13267 6 95577485 95609470 1 95577391 C T -1
0 0 13301 10 45615500 45672780 -1 45672898 G A 1
0 0 13310 8 33370824 33473146 -1 33473052 G A -1
0 0 13382 7 64519878 64563075 -1 64563059 A G 1
0 0 13415 6 111259327 111445354 1 111533457 T C -1
0 0 13427 5 146084313 146105577 -1 146101627 T A -1
0 0 13589 5 98768650 98798643 1 98432782 A G 1
0 0 13651 15 65658046 65792293 -1 65530211 C T -1
0 0 13678 19 9412429 9435573 -1 9406861 C G 1
0 0 13678 19 9412429 9435573 -1 9431666 T C 1
0 0 13740 3 154272546 154324487 -1 154003704 T A -1
0 0 13763 1 26111165 26125555 1 26111964 T C -1
0 0 13763 1 26111165 26125555 1 26132499 A T -1
0 0 1379 2 171687409 171750158 1 171687403 G T 1
0 0 1379 2 171687409 171750158 1 171687973 A G 1
0 0 13818 11 66002228 66004149 1 66011859 C T -1
0 0 13854 12 38316762 38329721 1 38316781 C T -1
0 0 13893 1 1373730 1375207 -1 1407565 C A -1
0 0 13903 3 128064778 128153914 -1 128095234 G A 1
0 0 13903 3 128064778 128153914 -1 128095614 G A 1
0 0 13903 3 128064778 128153914 -1 128153759 A G 1
0 0 13903 3 128064778 128153914 -1 128281112 G A -1
0 0 1393 8 38400215 38468834 -1 38386347 T G -1
0 0 1393 8 38400215 38468834 -1 38441129 C T -1
0 0 14015 12 122203681 122208952 1 122266153 T G -1
0 0 14024 8 103500610 104254430 1 103623778 C T -1
0 0 14024 8 103500610 104254430 1 103651239 C T -1
0 0 14060 8 86468257 86514357 -1 86514210 A C 1
0 0 14158 5 55625845 55773194 -1 55691550 G T -1
0 0 14185 19 41425359 41428730 -1 41397766 A G -1
0 0 14185 19 41425359 41428730 -1 41439932 T A 1
0 0 14185 19 41425359 41428730 -1 41439999 G C 1
0 0 14249 3 48918821 48986382 1 49171432 T C 1
0 0 143 2 241356285 241494841 1 241316415 C T 1
0 0 14418 7 1152071 1160759 -1 1027767 G A -1
0 0 14418 7 1152071 1160759 -1 1159996 T C -1
0 0 14418 7 1152071 1160759 -1 1160151 C A -1
0 0 14418 7 1152071 1160759 -1 1160154 G C -1
0 0 14418 7 1152071 1160759 -1 1160168 C T -1
0 0 14418 7 1152071 1160759 -1 1169706 T A -1
0 0 14418 7 1152071 1160759 -1 1170052 T A -1
0 0 14418 7 1152071 1160759 -1 1170249 C G -1
0 0 14418 7 1152071 1160759 -1 975635 C A -1
0 0 14439 3 48989889 49007153 1 48685869 G C 1
0 0 14439 3 48989889 49007153 1 49007334 C T 1
0 0 14467 2 165469647 165689407 1 165707602 A C 1
0 0 14467 2 165469647 165689407 1 165761752 C T -1
0 0 14513 17 8247618 8270491 1 8391782 G A 1
0 0 14515 17 82440912 82450829 -1 82450543 A C -1
0 0 14609 15 74541206 74598131 1 74598501 G A 1
0 0 14619 7 66376044 66493566 -1 66503126 C G 1
0 0 14619 7 66376044 66493566 -1 66682602 T C 1
0 0 14639 2 74497517 74503316 -1 74391633 C T 1
0 0 1471 2 15591178 15634346 1 15591874 A G -1
0 0 14745 5 443175 471937 1 416003 G A -1
0 0 14981 17 82389210 82418637 -1 82385028 A C 1
0 0 14989 1 227563543 227677443 1 227730153 G A 1
0 0 1499 15 78593052 78621295 -1 78641976 C G -1
0 0 15022 19 37312837 37369365 1 37312795 T A -1
0 0 15022 19 37312837 37369365 1 37578683 C G -1
0 0 15022 19 37312837 37369365 1 37594431 C T -1
0 0 15127 10 73248843 73252693 -1 73167726 A G 1
0 0 15127 10 73248843 73252693 -1 73247046 A G 1
0 0 1520 6 108029245 108165854 -1 108075062 G T 1
0 0 15230 17 59109857 59155260 -1 58659129 T C -1
0 0 15304 6 26538366 26546933 1 26553587 C G 1
0 0 15304 6 26538366 26546933 1 26553715 G A 1
0 0 15304 6 26538366 26546933 1 26568513 C T 1
0 0 15304 6 26538366 26546933 1 26571937 G T 1
0 0 15392 2 200963263 201009102 1 201139987 G A 1
0 0 1541 7 122318411 122886759 -1 122803594 C T 1
0 0 15485 1 39491636 39529869 1 39408867 G T 1
0 0 15496 13 39209116 39603528 -1 39489901 A T 1
0 0 15496 13 39209116 39603528 -1 39494202 A G -1
0 0 15496 13 39209116 39603528 -1 39494344 T C -1
0 0 15498 1 25338317 25362361 1 25518223 G A -1
0 0 15505 16 1972053 1982929 1 1972073 C T 1
0 0 15505 16 1972053 1982929 1 1979722 C T 1
0 0 15505 16 1972053 1982929 1 1983660 C A 1
0 0 1557 18 50879080 50954257 1 50879119 T A -1
0 0 15583 16 28688558 28735727 1 28864161 A G 1
0 0 15583 16 28688558 28735727 1 28880144 C T 1
0 0 15598 22 49918167 49927540 1 49918577 T C -1
0 0 15598 22 49918167 49927540 1 49936182 G A 1
0 0 15736 11 63624087 63671921 -1 63614530 G C -1
0 0 15736 11 63624087 63671921 -1 63784436 C T 1
0 0 15779 22 38578118 38656629 -1 38656111 C T 1
0 0 15789 17 43211835 43220041 1 43309681 A G -1
0 0 15789 17 43211835 43220041 1 43309699 G A 1
0 0 15789 17 43211835 43220041 1 43367777 G A -1
0 0 15789 17 43211835 43220041 1 43368094 C G -1
0 0 15839 17 32007383 32053504 1 32079930 T C -1
0 0 15878 17 81666737 81673904 1 81703612 G A -1
0 0 15923 11 612553 615983 -1 575553 A T 1
0 0 15923 11 612553 615983 -1 575800 T G 1
0 0 15929 1 212830141 212847649 -1 212750550 G A -1
0 0 15929 1 212830141 212847649 -1 212791895 G C -1
0 0 15929 1 212830141 212847649 -1 212852347 G A -1
0 0 15929 1 212830141 212847649 -1 212852391 G T -1
0 0 15929 1 212830141 212847649 -1 212857625 G T -1
0 0 15929 1 212830141 212847649 -1 212858066 T C -1
0 0 15948 17 81843159 81860856 -1 81860283 T C 1
0 0 16003 17 46499780 46579695 -1 46108065 T C -1
0 0 16003 17 46499780 46579695 -1 46156223 T C -1
0 0 16003 17 46499780 46579695 -1 46156333 C T -1
0 0 16003 17 46499780 46579695 -1 46193443 A G -1
0 0 16003 17 46499780 46579695 -1 46193465 C A -1
0 0 16003 17 46499780 46579695 -1 46194064 A G -1
0 0 16003 17 46499780 46579695 -1 46266731 G C -1
0 0 16003 17 46499780 46579695 -1 46266873 A T -1
0 0 16003 17 46499780 46579695 -1 46267010 G A -1
0 0 16003 17 46499780 46579695 -1 46267019 G A -1
0 0 16003 17 46499780 46579695 -1 46267186 C T -1
0 0 16016 10 25016612 25026664 1 25016613 T A -1
0 0 16028 3 49171598 49176486 1 49018355 G T 1
0 0 16030 21 36034541 36079389 -1 36157121 G A -1
0 0 16061 19 36534774 36605276 -1 36573365 C T 1
0 0 1616 2 96184859 96208827 -1 96145695 T C -1
0 0 1616 2 96184859 96208827 -1 96414356 C G -1
0 0 16177 6 26365159 26378320 1 26311942 G C -1
0 0 16177 6 26365159 26378320 1 26322633 C T -1
0 0 1626 1 32221077 32245397 1 32205429 C T -1
0 0 16265 21 45263928 45287898 -1 45292384 C T 1
0 0 16367 23 78129748 78139650 -1 78232760 A C -1
0 0 1648 5 78360611 78480739 1 78468068 T C 1
0 0 16569 7 100148912 100155944 1 100101546 A T 1
0 0 16665 1 121167646 121185539 -1 121418442 G A -1
0 0 16665 1 121167646 121185539 -1 121418464 C A -1
0 0 16737 3 40457292 40468587 1 40387447 T G 1
0 0 16747 7 139452690 139483673 -1 139340348 G A -1
0 0 16747 7 139452690 139483673 -1 139341862 C G -1
0 0 16747 7 139452690 139483673 -1 139359426 C A -1
0 0 16747 7 139452690 139483673 -1 139360145 G T -1
0 0 16747 7 139452690 139483673 -1 139370447 G C -1
0 0 16812 19 37735833 37817300 -1 37719550 G T 1
0 0 16848 6 28349947 28369172 1 28399881 G A -1
0 0 16848 6 28349947 28369172 1 28399886 T C -1
0 0 16909 6 32577902 32589848 -1 32609938 G T -1
0 0 16909 6 32577902 32589848 -1 32609956 C T -1
0 0 16909 6 32577902 32589848 -1 32610007 C T -1
0 0 16909 6 32577902 32589848 -1 32610077 G A -1
0 0 16909 6 32577902 32589848 -1 32610198 C T -1
0 0 16909 6 32577902 32589848 -1 32610263 C G -1
0 0 16918 9 127424374 127445372 1 127417529 A G -1
0 0 16918 9 127424374 127445372 1 127446097 T G -1
0 0 16918 9 127424374 127445372 1 127451229 A G -1
0 0 16961 19 21397119 21427577 1 21329519 G C -1
0 0 16985 1 207321519 207386804 1 207259265 C T -1
0 0 17006 15 90352284 90369146 1 90426103 G T -1
0 0 1711 19 48872212 48876059 1 48900308 A C -1
0 0 17110 10 42574185 42638570 -1 42638622 G A -1
0 0 17198 7 64794388 64833681 1 64888782 C G 1
0 0 17198 7 64794388 64833681 1 64902921 C A 1
0 0 17202 19 21722771 21767579 -1 21767139 C T 1
0 0 17234 2 196833004 196927796 -1 196640040 C A 1
0 0 1724 17 63827152 63832026 1 63774326 T G -1
0 0 17252 13 52033611 52129092 -1 52406093 G C -1
0 0 17252 13 52033611 52129092 -1 52608126 A G -1
0 0 17252 13 52033611 52129092 -1 52617539 A G -1
0 0 17309 19 22391019 22532485 -1 22215723 A G 1
0 0 17336 10 49734641 49762379 -1 49701218 C T 1
0 0 1736 14 52430596 52552522 -1 52568448 G A -1
0 0 17392 5 37106228 37249376 -1 37248973 A G 1
0 0 17444 1 109062496 109076012 -1 109091199 C T 1
0 0 17444 1 109062496 109076012 -1 109100633 G T 1
0 0 17511 15 82429816 82439153 1 82540241 G C -1
0 0 17535 8 33485182 33501262 1 33484977 T A 1
0 0 17535 8 33485182 33501262 1 33484993 C A 1
0 0 17535 8 33485182 33501262 1 33513239 G A 1
0 0 17577 1 117367449 117528872 1 117346436 C T 1
0 0 17608 12 111931282 112013185 -1 112382690 C T 1
0 0 17608 12 111931282 112013185 -1 112418839 G A 1
0 0 17655 19 36916316 37005037 1 36973405 G A 1
0 0 17655 19 36916316 37005037 1 36973778 A G 1
0 0 17655 19 36916316 37005037 1 37334731 A T 1
0 0 17669 17 43125551 43153671 1 43135863 A G -1
0 0 17669 17 43125551 43153671 1 43169829 C T -1
0 0 17669 17 43125551 43153671 1 43315909 T C -1
0 0 17671 6 32517353 32530287 -1 32609938 G T -1
0 0 17671 6 32517353 32530287 -1 32609956 C T -1
0 0 17671 6 32517353 32530287 -1 32610007 C T -1
0 0 17671 6 32517353 32530287 -1 32610008 A G -1
0 0 17671 6 32517353 32530287 -1 32610263 C G -1
0 0 17699 2 170990823 171231314 -1 171161039 G T -1
0 0 17699 2 170990823 171231314 -1 171182024 G C -1
0 0 17705 14 34752731 34875647 -1 34875044 G C -1
0 0 17754 17 49289206 49362473 -1 49260721 C G 1
0 0 17778 15 74957219 75021495 1 75368321 C T 1
0 0 1779 18 6729716 6915716 1 6729047 T C -1
0 0 17821 5 42756818 42802439 1 42734967 A G -1
0 0 17821 5 42756818 42802439 1 42745440 T C -1
0 0 17821 5 42756818 42802439 1 42745686 A G -1
0 0 17821 5 42756818 42802439 1 42757077 A G -1
0 0 17825 7 66995173 67239514 1 67191208 C T 1
0 0 17840 17 63622415 63696305 1 63882380 C T -1
0 0 17857 17 47694161 47712052 1 47324391 A G -1
0 0 17857 17 47694161 47712052 1 47530960 A C 1
0 0 17857 17 47694161 47712052 1 47687883 T C -1
0 0 17860 5 178895898 178933212 1 178895796 G C 1
0 0 17865 22 42058334 42070842 -1 42070505 C G 1
0 0 17865 22 42058334 42070842 -1 42070976 A T 1
0 0 17865 22 42058334 42070842 -1 42079699 T G -1
0 0 1801 12 112405189 112418838 -1 112012950 T C 1
0 0 1801 12 112405189 112418838 -1 112382690 C T 1
0 0 1810 20 5068232 5113103 -1 5119563 G C -1
0 0 1818 12 120196699 120201235 -1 120229391 A C 1
0 0 1822 20 16272104 16573448 -1 16565489 C T 1
0 0 1822 20 16272104 16573448 -1 16565753 G A 1
0 0 1837 16 4510669 4538828 -1 4474442 C G 1
0 0 1893 16 70114332 70162537 1 70114432 A G -1
0 0 19519 1 244969682 245127164 1 244971381 T A -1
0 0 19580 6 87344813 87365463 1 87322544 G C -1
0 0 19580 6 87344813 87365463 1 87322684 C A -1
0 0 19580 6 87344813 87365463 1 87323070 G T -1
0 0 19772 6 31652416 31658210 1 31652743 T G -1
0 0 19795 19 57848731 57889074 -1 57850003 C T -1
0 0 19795 19 57848731 57889074 -1 57916831 G A -1
0 0 19801 6 31268749 31272130 -1 31308833 C T -1
0 0 19804 6 31164337 31180731 -1 31272576 A C -1
0 0 19806 6 31142439 31158238 -1 31139871 C T 1
0 0 19854 6 29722775 29738528 1 29723967 C G 1
0 0 19854 6 29722775 29738528 1 29792759 G A 1
0 0 19854 6 29722775 29738528 1 29844668 T C 1
0 0 19854 6 29722775 29738528 1 29863880 G T 1
0 0 19854 6 29722775 29738528 1 29942488 G T 1
0 0 1988 22 19479457 19520612 1 19432328 A C 1
0 0 1988 22 19479457 19520612 1 19504472 T A 1
0 0 1993 6 127288712 127343609 -1 127266770 T G 1
0 0 19968 5 140834248 141012347 1 140664707 C A 1
0 0 19968 5 140834248 141012347 1 140700713 T C 1
0 0 19968 5 140834248 141012347 1 140726393 C A 1
0 0 19968 5 140834248 141012347 1 140807737 C T -1
0 0 19981 16 89818179 89871319 1 89793241 C T 1
0 0 20187 22 32149006 32159322 -1 32147509 A G -1
0 0 2023 9 114402080 114505473 -1 114505192 G T -1
0 0 2023 9 114402080 114505473 -1 114505311 C T -1
0 0 2023 9 114402080 114505473 -1 114505662 G T -1
0 0 20285 6 29941260 29949572 1 29848233 C A -1
0 0 2058 6 33620365 33696574 1 33880537 G A -1
0 0 208 7 87934143 88202889 1 88153851 A G -1
0 0 21457 7 142796697 142796742 1 142795717 A G 1
0 0 2211 22 38656636 38673854 1 38656150 G A 1
0 0 2216 22 38685543 38701556 -1 38570482 A G -1
0 0 2216 22 38685543 38701556 -1 38657044 T C -1
0 0 2216 22 38685543 38701556 -1 38705614 G C -1
0 0 2248 22 43166622 43187134 -1 43187819 A C -1
0 0 2248 22 43166622 43187134 -1 43231149 G A -1
0 0 22566 2 108507515 108534196 -1 108584200 T C -1
0 0 22658 17 46193566 46197842 1 46266812 T G 1
0 0 22658 17 46193566 46197842 1 46267010 G A 1
0 0 22684 22 30522799 30546741 -1 30485258 G A 1
0 0 22755 17 30576464 30672789 1 30731658 T A -1
0 0 2292 22 41447830 41529273 1 41481985 A G -1
0 0 2293 22 41525799 41544606 -1 41413899 G C 1
0 0 2293 22 41525799 41544606 -1 41414166 T C 1
0 0 2293 22 41525799 41544606 -1 41544367 T G -1
0 0 2295 22 41576900 41589871 -1 41544520 A G -1
0 0 2295 22 41576900 41589871 -1 41557735 A C -1
0 0 22955 15 34525095 34588503 -1 34436493 G A 1
0 0 23310 16 66552563 66566251 1 66478921 G A 1
0 0 2381 14 20311368 20333312 -1 20342787 C A -1
0 0 23959 8 70669339 70790371 1 70805871 T C 1
0 0 23984 1 44808523 44815585 1 44731029 T C -1
0 0 23984 1 44808523 44815585 1 44819376 A C -1
0 0 23984 1 44808523 44815585 1 44827194 G A -1
0 0 2409 20 34928432 34956027 -1 34825373 G C -1
0 0 24715 1 93262186 93346025 -1 93079162 C T -1
0 0 24789 6 33075990 33089696 1 32970297 G T -1
0 0 25663 17 45435900 45490758 -1 45431950 C T 1
0 0 25663 17 45435900 45490758 -1 45719721 A T 1
0 0 25663 17 45435900 45490758 -1 45740532 G A 1
0 0 25663 17 45435900 45490758 -1 45794862 G A 1
0 0 25663 17 45435900 45490758 -1 45894115 T C 1
0 0 25663 17 45435900 45490758 -1 45894238 C G 1
0 0 25663 17 45435900 45490758 -1 45894776 G A 1
0 0 25663 17 45435900 45490758 -1 45897110 G T 1
0 0 25663 17 45435900 45490758 -1 45949028 A G 1
0 0 25845 23 73944182 74070408 1 74178550 G A -1
0 0 25885 10 18531849 18533336 -1 18628118 C T -1
0 0 2702 16 4616493 4690974 1 4625279 T C 1
0 0 2715 16 67828157 67847811 -1 67465811 T C 1
0 0 2735 16 58231157 58283836 1 58281221 T C -1
0 0 2770 16 4748239 4767624 -1 4743657 T C -1
0 0 2775 16 853634 981318 -1 970343 A G 1
0 0 27960 17 46274784 46361766 -1 46002673 T G 1
0 0 27960 17 46274784 46361766 -1 46101518 G A 1
0 0 27960 17 46274784 46361766 -1 46107038 G A 1
0 0 27960 17 46274784 46361766 -1 46156067 G C 1
0 0 27960 17 46274784 46361766 -1 46156223 T C 1
0 0 27960 17 46274784 46361766 -1 46202394 G A 1
0 0 27960 17 46274784 46361766 -1 46213393 T C 1
0 0 27972 5 80626226 80654983 -1 80668121 C A -1
0 0 27972 5 80626226 80654983 -1 80668600 T C -1
0 0 2800 16 23520754 23557731 -1 23510429 T C 1
0 0 2806 16 4474690 4510347 1 4474442 C G -1
0 0 28180 7 1160374 1165607 1 1159996 T C -1
0 0 28180 7 1160374 1165607 1 1160151 C A -1
0 0 2844 15 65381484 65422947 -1 65421475 T G -1
0 0 2844 15 65381484 65422947 -1 65792069 G T -1
0 0 2852 15 41517176 41544269 -1 41544494 A T 1
0 0 2902 8 42174718 42207709 -1 42207476 T C 1
0 0 2909 8 108443601 108489196 1 108443443 T A -1
0 0 29233 20 31567707 31573263 -1 31605104 C T 1
0 0 29233 20 31567707 31573263 -1 31605145 C G 1
0 0 29233 20 31567707 31573263 -1 31612962 G A 1
0 0 2946 16 87696485 87765992 -1 87492852 G T 1
0 0 29718 1 119140391 119275973 1 119140440 G A -1
0 0 29718 1 119140391 119275973 1 119140767 G A -1
0 0 30001 9 94555054 94603990 1 94639709 T A 1
0 0 30051 12 10824960 11171608 -1 11071468 A G -1
0 0 30051 12 10824960 11171608 -1 11071474 A T -1
0 0 30051 12 10824960 11171608 -1 11071483 T G -1
0 0 30051 12 10824960 11171608 -1 11071636 T C -1
0 0 30051 12 10824960 11171608 -1 11071637 T G -1
0 0 30051 12 10824960 11171608 -1 11071761 C T -1
0 0 30051 12 10824960 11171608 -1 11071778 G A -1
0 0 30051 12 10824960 11171608 -1 11071886 C T -1
0 0 30413 7 101308270 101314800 1 101348881 A G 1
0 0 30565 19 36259540 36331770 -1 36233436 A G 1
0 0 30584 22 42136433 42139927 -1 42079699 T G 1
0 0 3061 19 46774883 46788594 -1 46777532 C T 1
0 0 3064 19 35867899 35879792 1 35879953 G A 1
0 0 3064 19 35867899 35879792 1 35931804 C A 1
0 0 307 16 21158377 21180616 1 21152697 A G 1
0 0 30701 6 135055033 135060550 1 135055241 T G -1
0 0 30744 10 89645272 89652144 1 89644691 C G -1
0 0 3186 7 90335223 90391453 1 90224640 T A -1
0 0 32546 6 145799409 145887430 1 145735545 C T -1
0 0 3322 7 42916828 42932185 -1 42941142 C T 1
0 0 33613 15 43593054 43604901 1 43492853 C G -1
0 0 33629 7 66493607 66495758 1 66376625 C A 1
0 0 338 12 31073860 31104799 1 31073901 T A -1
0 0 338 12 31073860 31104799 1 31074527 C G -1
0 0 338 12 31073860 31104799 1 31074546 G T -1
0 0 34008 2 186032884 186486005 -1 186280769 G T -1
0 0 34021 1 40669089 40687588 -1 40692486 A C 1
0 0 34148 17 46511508 46556910 1 46101473 T C 1
0 0 34148 17 46511508 46556910 1 46101518 G A 1
0 0 34148 17 46511508 46556910 1 46156445 C T 1
0 0 34148 17 46511508 46556910 1 46192927 G T 1
0 0 34148 17 46511508 46556910 1 46193443 A G 1
0 0 34148 17 46511508 46556910 1 46193786 G A 1
0 0 34148 17 46511508 46556910 1 46202394 G A 1
0 0 34148 17 46511508 46556910 1 46213393 T C 1
0 0 34148 17 46511508 46556910 1 46225515 C T 1
0 0 34186 1 16887577 16889725 -1 16939635 G A -1
0 0 34547 3 136835345 136862618 -1 136819135 A G 1
0 0 34547 3 136835345 136862618 -1 136819538 G T 1
0 0 34547 3 136835345 136862618 -1 136820105 C G 1
0 0 34547 3 136835345 136862618 -1 136902483 T C 1
0 0 3455 10 92046692 92291078 -1 92240553 G A 1
0 0 34749 22 39077067 39087743 1 39088320 G T -1
0 0 3513 17 58982638 59106921 -1 58692526 G A -1
0 0 3513 17 58982638 59106921 -1 58692618 C T -1
0 0 35376 7 66114604 66154568 1 66558144 G T 1
0 0 35376 7 66114604 66154568 1 66558962 G A 1
0 0 3547 17 30477362 30527592 1 30378857 C T -1
0 0 3551 17 63819433 63830012 -1 63741862 C A 1
0 0 3551 17 63819433 63830012 -1 63774006 C G 1
0 0 3551 17 63819433 63830012 -1 63774125 C A 1
0 0 3551 17 63819433 63830012 -1 63827186 A G 1
0 0 3551 17 63819433 63830012 -1 63827364 T C 1
0 0 3551 17 63819433 63830012 -1 63843137 T C 1
0 0 3551 17 63819433 63830012 -1 63866789 A G 1
0 0 35868 1 1401909 1407293 -1 1407232 G C 1
0 0 3587 17 43014607 43025123 -1 43079885 G A -1
0 0 3587 17 43014607 43025123 -1 43169829 C T -1
0 0 3587 17 43014607 43025123 -1 43310023 A G -1
0 0 3587 17 43014607 43025123 -1 43315939 T C -1
0 0 3587 17 43014607 43025123 -1 43316084 T C -1
0 0 3587 17 43014607 43025123 -1 43324776 G A -1
0 0 3589 17 43025231 43032041 1 43022008 A C -1
0 0 3589 17 43025231 43032041 1 43036769 G A -1
0 0 3589 17 43025231 43032041 1 43135863 A G -1
0 0 3589 17 43025231 43032041 1 43310023 A G -1
0 0 3589 17 43025231 43032041 1 43315909 T C -1
0 0 3589 17 43025231 43032041 1 43316082 A G 1
0 0 3589 17 43025231 43032041 1 43368091 G C -1
0 0 3589 17 43025231 43032041 1 43399253 G T -1
0 0 36848 5 78342333 78360507 -1 78510534 C T 1
0 0 36969 12 11548030 11590369 1 11071392 A C 1
0 0 36969 12 11548030 11590369 1 11071636 T C 1
0 0 370 3 52694486 52706032 -1 52705504 T C -1
0 0 370 3 52694486 52706032 -1 52714841 C T -1
0 0 370 3 52694486 52706032 -1 52792260 T C -1
0 0 370 3 52694486 52706032 -1 52792691 G A -1
0 0 37035 5 43571594 43603230 -1 43585215 A T -1
0 0 37060 5 12574830 12804363 1 12661592 G A -1
0 0 3710 11 47617315 47642607 -1 47400414 G T 1
0 0 3710 11 47617315 47642607 -1 47426946 T C 1
0 0 37433 4 103255822 103454667 1 103099624 C G -1
0 0 3797 11 68052859 68121444 -1 68038662 G A -1
0 0 3811 12 120503279 120534434 -1 120505108 G C 1
0 0 3819 12 50979401 51028566 -1 51270728 T C -1
0 0 3819 12 50979401 51028566 -1 51352038 T C -1
0 0 38262 19 19528861 19537581 1 19367242 C T 1
0 0 38262 19 19528861 19537581 1 19540331 A G -1
0 0 3866 12 111766887 111817532 1 111636112 A G -1
0 0 3866 12 111766887 111817532 1 111868361 G T -1
0 0 3883 12 123602077 123620943 1 123583814 C A 1
0 0 3913 12 6839954 6847393 1 6943922 A G -1
0 0 3913 12 6839954 6847393 1 6943986 A C -1
0 0 3975 6 125781161 125932034 1 125889249 T G -1
0 0 4002 6 89642498 89819794 -1 89819258 T C -1
0 0 40466 8 102864271 103002424 1 102887054 A G -1
0 0 40539 5 138744434 138753309 -1 138709231 T C 1
0 0 40539 5 138744434 138753309 -1 138722793 T C 1
0 0 40665 8 88326836 88887573 1 88425382 A G 1
0 0 40665 8 88326836 88887573 1 88425798 A G 1
0 0 4073 6 170290703 170407067 1 170297081 C T -1
0 0 4073 6 170290703 170407067 1 170306349 A G -1
0 0 4089 6 75601509 75718281 1 75601762 C T -1
0 0 41764 11 8964502 8977527 1 9004479 C T 1
0 0 41932 11 126294296 126304323 -1 126269205 T C 1
0 0 41998 11 59565923 59639861 1 59556477 C T 1
0 0 41998 11 59565923 59639861 1 59556508 G A 1
0 0 4224 3 53867066 53882152 -1 53892060 G T -1
0 0 42766 12 11171194 11176016 1 11071771 G A -1
0 0 42766 12 11171194 11176016 1 11071803 G A -1
0 0 42803 3 101676424 101679217 1 101512887 C T -1
0 0 4284 3 124730433 124749273 1 124760453 T C -1
0 0 4284 3 124730433 124749273 1 124760733 C T -1
0 0 4285 3 196935402 196942594 -1 196943041 C T 1
0 0 4304 3 50569152 50596168 1 50912915 G T -1
0 0 4304 3 50569152 50596168 1 50979103 C T -1
0 0 4304 3 50569152 50596168 1 50979528 G T -1
0 0 43349 12 69901918 70243405 -1 70243049 G A 1
0 0 43349 12 69901918 70243405 -1 70244007 A G 1
0 0 4349 2 113705011 113756693 -1 113756761 T G -1
0 0 43645 14 73242651 73245979 -1 73125446 C A -1
0 0 4386 2 74455087 74457944 1 74316998 C T -1
0 0 43926 14 37171888 37173811 1 37172675 C A 1
0 0 4472 2 131104847 131353709 1 131105127 A T 1
0 0 44743 15 67290636 67521844 -1 67521133 A C 1
0 0 4481 2 37923187 38067142 1 37993397 A T 1
0 0 44936 12 33404872 33405896 -1 33409600 G A -1
0 0 45029 1 26692132 26694131 -1 26744038 T C -1
0 0 45179 6 109382795 109383667 1 109691071 A G 1
0 0 4558 1 184690237 184754907 -1 184664583 G C 1
0 0 45636 15 55340032 55408510 -1 55408050 G A -1
0 0 45867 16 82044336 82139631 -1 82139355 G A 1
0 0 45867 16 82044336 82139631 -1 82139513 C T 1
0 0 4613 1 15684320 15734769 1 15508739 G A 1
0 0 4613 1 15684320 15734769 1 15508977 C T 1
0 0 4613 1 15684320 15734769 1 15526781 T C 1
0 0 4628 1 36415827 36450451 -1 36446485 T C 1
0 0 4651 1 75724431 75787575 1 75724261 G T 1
0 0 46585 16 3100696 3143734 -1 3150659 G A 1
0 0 46760 17 30729469 30731202 1 30824819 T C -1
0 0 46966 17 10741257 10769089 -1 10730041 C T 1
0 0 4698 1 45550543 45570049 1 45491367 G T -1
0 0 4699 1 45510914 45542732 -1 45522443 G A -1
0 0 4702 1 169367970 169396540 1 169437295 C T -1
0 0 4706 1 46340789 46365152 1 46340721 T C -1
0 0 4706 1 46340789 46365152 1 46341031 A G -1
0 0 4706 1 46340789 46365152 1 46348216 T C -1
0 0 4706 1 46340789 46365152 1 46348295 C T -1
0 0 4706 1 46340789 46365152 1 46348310 G A -1
0 0 4706 1 46340789 46365152 1 46348336 C T -1
0 0 4706 1 46340789 46365152 1 46394077 G A -1
0 0 471 15 64094123 64146090 1 64137444 G A 1
0 0 471 15 64094123 64146090 1 64163167 C T 1
0 0 471 15 64094123 64146090 1 64515585 G A 1
0 0 4721 1 173824653 173858808 1 173853083 A G -1
0 0 47419 17 73243093 73244706 1 73231927 A G -1
0 0 4770 11 119015712 119018691 -1 119018475 T C 1
0 0 4785 1 150268200 150280916 1 150293918 T A 1
0 0 4785 1 150268200 150280916 1 150538157 C A -1
0 0 4791 11 78188812 78215232 1 78261586 G A -1
0 0 47967 17 40360655 40364693 1 40296038 T C -1
0 0 47967 17 40360655 40364693 1 40342152 G C -1
0 0 47967 17 40360655 40364693 1 40345730 G A -1
0 0 47967 17 40360655 40364693 1 40363293 G A -1
0 0 47967 17 40360655 40364693 1 40363294 C G -1
0 0 48084 1 150293861 150308979 1 150516002 T C 1
0 0 4818 4 17614641 17634105 1 17614331 G C 1
0 0 4818 4 17614641 17634105 1 17614591 C A 1
0 0 48198 17 75587800 75626849 1 75721341 C G -1
0 0 4866 2 9403475 9423528 -1 9475427 T C 1
0 0 4866 2 9403475 9423528 -1 9475752 T C 1
0 0 48874 19 31348881 31417794 1 31419458 C T -1
0 0 49149 19 24033401 24077377 1 24033415 G A 1
0 0 492 2 3188925 3377830 -1 3277505 G A -1
0 0 49256 9 129170434 129170940 1 129110943 G A -1
0 0 4927 14 75013769 75051532 -1 75069666 G A -1
0 0 4927 14 75013769 75051532 -1 75127136 T C 1
0 0 4942 14 73949926 73963670 1 73787509 G A -1
0 0 4942 14 73949926 73963670 1 73851942 G C 1
0 0 4942 14 73949926 73963670 1 73852051 G T 1
0 0 49478 19 23399097 23416075 -1 23394794 C T -1
0 0 49661 14 103694560 103695170 1 103819873 C T 1
0 0 49661 14 103694560 103695170 1 103856057 A C -1
0 0 49673 14 103696353 103697163 1 103856057 A C -1
0 0 4994 17 46029916 46225389 -1 45740532 G A 1
0 0 4994 17 46029916 46225389 -1 45740794 A C 1
0 0 4994 17 46029916 46225389 -1 45740856 C A 1
0 0 4994 17 46029916 46225389 -1 45745960 A G 1
0 0 4994 17 46029916 46225389 -1 45783751 C T 1
0 0 4994 17 46029916 46225389 -1 45894115 T C 1
0 0 4994 17 46029916 46225389 -1 45894419 A G 1
0 0 4994 17 46029916 46225389 -1 45894776 G A 1
0 0 4994 17 46029916 46225389 -1 45897111 A T 1
0 0 4994 17 46029916 46225389 -1 45949129 A G 1
0 0 4994 17 46029916 46225389 -1 45971767 T C 1
0 0 4994 17 46029916 46225389 -1 46107038 G A 1
0 0 4994 17 46029916 46225389 -1 46107062 T C 1
0 0 4994 17 46029916 46225389 -1 46156223 T C 1
0 0 4994 17 46029916 46225389 -1 46193443 A G 1
0 0 4994 17 46029916 46225389 -1 46202437 T G 1
0 0 4994 17 46029916 46225389 -1 46266564 A G 1
0 0 4994 17 46029916 46225389 -1 46266812 T G 1
0 0 4994 17 46029916 46225389 -1 46267043 A C 1
0 0 4994 17 46029916 46225389 -1 46267090 T C 1
0 0 5051 10 27154824 27187953 1 27155374 G A 1
0 0 5064 13 36168217 36214588 -1 36259037 G A 1
0 0 5083 3 150541998 150603228 -1 150538792 C A -1
0 0 5085 19 37613749 37692337 -1 37906573 A G -1
0 0 50916 5 141118680 141120765 1 141040639 C T 1
0 0 50967 1 244969350 244971088 -1 244970812 A C 1
0 0 50984 5 42806394 42806997 1 42735203 G T -1
0 0 51034 8 33360839 33361415 -1 33484926 C G -1
0 0 51034 8 33360839 33361415 -1 33485541 G A -1
0 0 51305 7 66739829 66740642 -1 66558962 G A 1
0 0 51402 1 155978799 155982986 1 155745850 G A 1
0 0 51481 7 66902857 66906297 1 66654674 G A -1
0 0 5161 3 123201927 123274136 1 123202468 T C -1
0 0 5173 11 45909663 45918812 -1 45983506 T A 1
0 0 51955 13 55535697 55583524 -1 55550078 T C -1
0 0 52043 2 96112876 96116571 -1 96208888 C A 1
0 0 5259 18 79902420 79951657 -1 79951388 G A 1
0 0 52620 20 62402236 62405935 -1 62376486 G A -1
0 0 5278 7 33014130 33062796 -1 33062902 G A -1
0 0 53014 13 113527260 113530621 1 113491299 G A -1
0 0 5310 10 58269162 58289586 1 58268488 G A -1
0 0 5310 10 58269162 58289586 1 58269403 C T -1
0 0 53332 13 113511747 113514473 1 113490884 C T -1
0 0 54229 12 28185625 28186190 -1 28190305 G C -1
0 0 54549 6 99520976 99589899 1 99458299 G A 1
0 0 5532 6 34757505 34773857 1 34792104 A G -1
0 0 5532 6 34757505 34773857 1 34792806 T C -1
0 0 55646 9 33676785 33688011 1 33676829 G T 1
0 0 55646 9 33676785 33688011 1 33677187 G C 1
0 0 55646 9 33676785 33688011 1 33677341 A C 1
0 0 55646 9 33676785 33688011 1 33677476 C T 1
0 0 55805 7 65269359 65317938 1 65239614 C A 1
0 0 55886 14 49861176 49868192 -1 49767859 C T 1
0 0 5636 17 75261674 75266376 1 75240524 C A 1
0 0 5639 17 75205659 75235758 1 75114049 G T -1
0 0 5639 17 75205659 75235758 1 75114184 C T -1
0 0 564 5 169583636 169604778 1 169584109 C G -1
0 0 5706 20 23374519 23421519 -1 23421070 C T 1
0 0 57698 12 53739611 53898976 1 53867816 A G 1
0 0 5771 23 16123565 16153518 1 16186198 G A -1
0 0 5771 23 16123565 16153518 1 16216129 T C -1
0 0 57749 14 40267283 40348331 -1 40348579 A C 1
0 0 57749 14 40267283 40348331 -1 40348584 T G 1
0 0 5782 14 103697609 103715504 -1 103629694 C T 1
0 0 5782 14 103697609 103715504 -1 103820043 A G 1
0 0 58392 2 185425063 185505608 1 185425044 C T -1
0 0 58392 2 185425063 185505608 1 185425096 G T -1
0 0 58846 6 154510770 154522307 1 154537226 T C -1
0 0 5887 12 66302493 66343643 1 66352445 C T -1
0 0 5903 4 1009936 1026898 1 1011075 T G -1
0 0 59301 7 135170816 135172414 1 135075953 A G -1
0 0 59301 7 135170816 135172414 1 135077513 T C -1
0 0 5941 2 218419121 218453295 1 218568634 A C 1
0 0 59424 2 197640441 197641574 1 197521451 C T -1
0 0 59424 2 197640441 197641574 1 197640219 C G -1
0 0 59424 2 197640441 197641574 1 198030354 T G -1
0 0 59424 2 197640441 197641574 1 198030678 G A -1
0 0 59581 11 88337839 88428548 1 88341829 G A -1
0 0 59720 11 78223815 78225909 1 78261586 G A -1
0 0 59738 10 73247342 73248268 -1 73110749 A C -1
0 0 59738 10 73247342 73248268 -1 73167726 A G -1
0 0 59738 10 73247342 73248268 -1 73247046 A G -1
0 0 59825 1 161368022 161371964 1 161367667 A C -1
0 0 601 5 138610967 138935034 1 138725652 T C -1
0 0 60184 6 32894299 32903758 1 32861325 G A 1
0 0 60252 19 42075535 42075815 -1 42133080 T C -1
0 0 603 9 17134982 17503923 1 17290972 T C 1
0 0 60332 14 48233743 48260643 -1 48267884 G A 1
0 0 60332 14 48233743 48260643 -1 48267976 T C 1
0 0 60332 14 48233743 48260643 -1 48268146 T C 1
0 0 60444 4 61749388 61769652 -1 61741898 A G 1
0 0 6051 2 189770267 189784364 -1 189661498 C T 1
0 0 6051 2 189770267 189784364 -1 189784590 G C -1
0 0 6057 15 28111040 28322179 -1 28107607 G A -1
0 0 6069 15 40528683 40565054 -1 40565041 G A 1
0 0 6088 3 129430947 129440179 -1 129400034 C T -1
0 0 6091 7 56064002 56080670 1 56064429 C T 1
0 0 6105 17 5116032 5175034 1 4949168 C T 1
0 0 6105 17 5116032 5175034 1 5031948 T G 1
0 0 6247 2 239892450 240025743 -1 240025297 G C -1
0 0 6320 1 28236109 28246906 1 28233063 C G 1
0 0 6320 1 28236109 28246906 1 28248610 T G 1
0 0 6343 12 123233385 123258079 1 123075742 T C -1
0 0 6343 12 123233385 123258079 1 123233754 C T 1
0 0 6343 12 123233385 123258079 1 123364549 C G -1
0 0 6385 4 337814 384868 1 337060 A T -1
0 0 6385 4 337814 384868 1 337869 T C -1
0 0 6402 1 40072710 40097260 -1 40040567 G A -1
0 0 6427 5 180784780 180815652 -1 180803370 T G -1
0 0 6432 17 42572310 42577831 -1 42659763 C T -1
0 0 6432 17 42572310 42577831 -1 42659979 G T -1
0 0 6440 5 140638740 140647771 -1 140672398 C T -1
0 0 6449 11 70270690 70385312 1 70270577 T G 1
0 0 6449 11 70270690 70385312 1 70271367 G A 1
0 0 6501 14 55124110 55145423 1 55089578 C G -1
0 0 6501 14 55124110 55145423 1 55097116 G T -1
0 0 6538 2 86143932 86195472 -1 86195822 G A -1
0 0 6546 12 130872037 130877678 1 130871408 T C 1
0 0 6556 3 128153481 128408646 1 128095234 G A -1
0 0 6612 1 155687960 155739010 1 155745738 T A -1
0 0 6654 1 16231692 16237183 -1 16182039 A G -1
0 0 6680 1 204422628 204494805 -1 204630564 T A -1
0 0 6729 16 15865719 15888625 -1 15857278 C G -1
0 0 6729 16 15865719 15888625 -1 15858558 T C -1
0 0 676 6 13786557 13814568 -1 13814108 T C 1
0 0 6761 5 146110566 146182696 -1 146101627 T A -1
0 0 6774 11 14277922 14364506 -1 14423029 G A -1
0 0 6863 2 9473658 9496543 1 9555759 G T 1
0 0 6924 1 52408282 52553487 -1 52351287 T C 1
0 0 6947 4 55427903 55546909 -1 55546702 G A -1
0 0 6947 4 55427903 55546909 -1 55546707 G T -1
0 0 6978 9 71683366 71816690 -1 71746396 C T 1
0 0 708 1 19251805 19260128 1 19251891 G C 1
0 0 708 1 19251805 19260128 1 19273829 C G 1
0 0 708 1 19251805 19260128 1 19273882 T G 1
0 0 7080 6 109366514 109382467 -1 109490935 A G -1
0 0 7080 6 109366514 109382467 -1 109580910 T G -1
0 0 7080 6 109366514 109382467 -1 109679436 A G -1
0 0 7080 6 109366514 109382467 -1 109679479 A G -1
0 0 7126 1 232950605 232983882 1 232951136 T C 1
0 0 7126 1 232950605 232983882 1 232951203 C G 1
0 0 7197 13 47745736 48037968 -1 48002102 A G -1
0 0 7245 15 78759206 78811464 -1 78740600 G A -1
0 0 7248 15 84817356 84873479 1 84858188 T C 1
0 0 7253 17 44957992 45109016 1 45425634 G A 1
0 0 7253 17 44957992 45109016 1 45425918 G A 1
0 0 7253 17 44957992 45109016 1 45425928 A C 1
0 0 7253 17 44957992 45109016 1 45431944 A G 1
0 0 7261 17 63880215 63881944 -1 63857084 C T 1
0 0 7317 9 104094260 104141419 1 104094352 C T 1
0 0 7329 9 127087348 127122635 -1 126914773 C T -1
0 0 7329 9 127087348 127122635 -1 126915327 G C -1
0 0 7363 9 97029677 97156556 -1 97221565 G T 1
0 0 738 14 87837820 87993665 -1 88078592 C A -1
0 0 7511 15 41387218 41409403 -1 41332199 G C -1
0 0 7521 15 43369221 43409771 1 43329749 A G 1
0 0 7521 15 43369221 43409771 1 43330718 C T 1
0 0 7558 2 27444377 27489805 -1 27428826 T C -1
0 0 7581 2 27212041 27217178 1 27250781 G A 1
0 0 7586 10 102461881 102502712 -1 102502871 G A -1
0 0 7586 10 102461881 102502712 -1 102503918 T C -1
0 0 7588 10 102461395 102477045 1 102615501 G A 1
0 0 7629 2 202912214 202988263 1 202871528 C G -1
0 0 7636 2 169528508 169573875 -1 169584491 G A -1
0 0 764 6 111555381 111606906 -1 111581248 G A 1
0 0 7666 15 65234460 65300618 -1 65271311 T C 1
0 0 7707 4 77713387 77819615 -1 77818737 C T 1
0 0 7713 4 103105349 103198445 -1 103100073 C T -1
0 0 7722 4 109433772 109540896 1 109386841 G T 1
0 0 7727 5 128257909 128659185 -1 128537047 G C 1
0 0 7727 5 128257909 128659185 -1 128538456 G C 1
0 0 7727 5 128257909 128659185 -1 128546991 C G 1
0 0 7758 12 8950044 9010760 1 8906479 T A 1
0 0 7889 14 73851831 73885726 1 73852051 G T 1
0 0 7889 14 73851831 73885726 1 73852500 C T 1
0 0 794 16 2911931 2951208 1 2912103 G A 1
0 0 7968 15 90930180 90954093 1 90934820 G T 1
0 0 800 4 151670504 151761007 -1 151688137 C T -1
0 0 8050 17 73232233 73248959 1 73232813 T G 1
0 0 8136 17 41825057 41836260 -1 41835538 C T -1
0 0 8146 18 79970813 80033949 -1 79915188 A T 1
0 0 8146 18 79970813 80033949 -1 79951157 A C -1
0 0 8146 18 79970813 80033949 -1 79965699 A G 1
0 0 8146 18 79970813 80033949 -1 79988525 A C -1
0 0 815 1 26787054 26800659 1 26966865 T G -1
0 0 8185 21 36156782 36294274 1 36105103 C T 1
0 0 821 6 166364919 166383013 -1 166383232 T C 1
0 0 8269 1 44775251 44778779 1 45012761 C T -1
0 0 8272 1 44783585 44788170 -1 44814044 G C 1
0 0 835 16 68636189 68727468 1 68790589 C T -1
0 0 8352 1 150487414 150507602 1 150293918 T A 1
0 0 8384 1 212950520 212992037 1 212908947 G A -1
0 0 8425 1 243124428 243255348 -1 243254530 C T 1
0 0 8425 1 243124428 243255348 -1 243269839 C G 1
0 0 8435 1 224356858 224379459 1 224457183 G A -1
0 0 8474 2 70281362 70293740 -1 70258449 G C 1
0 0 8474 2 70281362 70293740 -1 70293714 C T 1
0 0 8474 2 70281362 70293740 -1 70293743 C T 1
0 0 8474 2 70281362 70293740 -1 70301469 T C 1
0 0 8507 2 97083583 97094882 -1 97113454 C G -1
0 0 8552 3 10026370 10101932 1 10026288 C T 1
0 0 8552 3 10026370 10101932 1 9955241 C T 1
0 0 8558 2 218568580 218597080 1 218501248 A C -1
0 0 8592 3 45555394 45686341 1 45509169 C T -1
0 0 8592 3 45555394 45686341 1 45593921 G A -1
0 0 864 14 77800109 77935014 1 77862450 T A -1
0 0 8708 5 103086000 103120138 -1 102971888 T C 1
0 0 8710 5 102753981 103029730 1 102780599 C G -1
0 0 8710 5 102753981 103029730 1 103047476 C A 1
0 0 8720 5 116085016 116412762 1 116289563 C A 1
0 0 8778 6 26596953 26600739 1 26956961 C A -1
0 0 8787 2 241188509 241225976 1 241218512 G A 1
0 0 8849 7 76048051 76067508 1 76073260 C T -1
0 0 8980 8 104489231 104589258 -1 104588504 G C -1
0 0 8980 8 104489231 104589258 -1 104589400 C G -1
0 0 907 19 2100988 2164468 -1 2164352 T A 1
0 0 9139 11 32583798 32606264 1 32571168 G A -1
0 0 9147 11 46936689 47164385 1 47214743 A G 1
0 0 9159 11 77874418 77994715 -1 77638136 T C 1
0 0 9169 11 108222823 108369102 1 108223106 G A -1
0 0 9184 11 62593214 62601865 -1 62601964 C G 1
0 0 9184 11 62593214 62601865 -1 62602409 G A 1
0 0 9339 12 106955719 106978778 1 106919918 C G 1
0 0 9426 14 50632058 50668306 -1 50670756 C G -1
0 0 9496 5 81972023 82276857 1 81972251 C G 1
0 0 9497 5 75674124 75717448 -1 75695904 T C -1
0 0 9503 5 79236131 79327211 1 79236265 A C -1
0 0 9503 5 79236131 79327211 1 79256577 A G -1
0 0 9551 13 98142562 98455176 1 98466746 T G 1
0 0 9552 10 89414568 89421605 1 89392471 A C -1
0 0 958 12 50504985 50748657 1 50283723 T C 1
0 0 958 12 50504985 50748657 1 50625388 T C 1
0 0 9672 1 86914635 87109982 1 86914313 G T -1
0 0 9672 1 86914635 87109982 1 86934398 G C -1
0 0 9685 18 24138987 24161600 1 24138981 A G 1
0 0 969 6 30058899 30064909 1 29976025 T A -1
0 0 969 6 30058899 30064909 1 29977039 C T 1
0 0 969 6 30058899 30064909 1 29977058 T G 1
0 0 969 6 30058899 30064909 1 29977255 A C 1
0 0 969 6 30058899 30064909 1 29977293 A G 1
0 0 969 6 30058899 30064909 1 29977294 G T 1
0 0 969 6 30058899 30064909 1 29977322 C T 1
0 0 969 6 30058899 30064909 1 30006377 G A -1
0 0 969 6 30058899 30064909 1 30007278 A G -1
0 0 969 6 30058899 30064909 1 30007318 G C -1
0 0 969 6 30058899 30064909 1 30092225 G A -1
0 0 9732 1 228208044 228378876 1 227999495 G T -1
0 0 9775 3 14145147 14178621 -1 14178595 C G 1
0 0 9808 6 109492855 109691217 -1 109678887 C T 1
0 0 9850 5 56909260 56925532 1 56815260 A C 1
0 0 9871 8 119873717 120050918 1 119874130 T A -1
0 0 9871 8 119873717 120050918 1 119874232 T C -1
0 0 9907 14 73931501 73950414 -1 73852500 C T 1
0 0 9922 8 95244913 95269201 -1 95269135 G C 1
0 0 9922 8 95244913 95269201 -1 95269264 G T 1
0 0 9922 8 95244913 95269201 -1 95269362 G C 1
0 0 9922 8 95244913 95269201 -1 95269388 G A 1
0 0 9922 8 95244913 95269201 -1 95269412 T C 1
0 0 9922 8 95244913 95269201 -1 95269587 C G 1
0 0 9922 8 95244913 95269201 -1 95269756 G A 1
0 0 9922 8 95244913 95269201 -1 95269757 C T 1
0 0 9933 21 29055805 29073797 -1 29115175 A G -1
0 0 9984 11 58834065 58904215 -1 58900797 G A 1
1 0 10050 14 22836560 22849041 1 22836440 T C -1
1 0 10247 1 161197104 161214723 1 161210087 G A -1
1 0 10417 21 43719094 43762307 1 43741018 G C 1
1 0 10559 3 184186095 184194012 1 184186261 A G -1
1 0 10797 1 212858275 212899363 1 212914516 C G 1
1 0 1109 17 2384073 2401104 -1 2392720 T C -1
1 0 11193 4 127623271 127726737 1 127655917 A G 1
1 0 11301 4 186068911 186088073 1 186081411 G C -1
1 0 11577 11 125164687 125433389 1 125239731 G A 1
1 0 11613 10 75210154 75231448 1 75210855 G C -1
1 0 11945 15 32641676 32697098 1 32641892 G A 1
1 0 1195 5 132190147 132295315 -1 132227878 G C -1
1 0 1218 22 50201011 50217616 1 50185653 C G 1
1 0 12223 11 62856004 62888880 1 62906085 A T 1
1 0 12311 2 241315100 241354027 1 241355498 A G 1
1 0 12741 17 7251416 7259940 1 7242662 T C 1
1 0 12985 10 97426191 97433444 1 97427222 G C 1
1 0 13087 3 169793003 169812986 -1 169812288 C A -1
1 0 13103 10 132808392 132942823 -1 132913360 A G 1
1 0 1312 7 5526409 5563902 -1 5562569 G C 1
1 0 13179 17 35410922 35433283 -1 35433630 C G 1
1 0 13926 3 3799431 3849834 1 3801193 C T -1
1 0 1404 3 183122215 183163839 -1 183162707 C A -1
1 0 14292 11 826144 831991 1 827713 A T 1
1 0 14513 17 8247618 8270491 1 8247860 G A 1
1 0 14518 19 57803841 57814913 -1 57803905 G A 1
1 0 14667 8 144107726 144118328 1 144109615 C A 1
1 0 15314 19 52860851 52897693 -1 52897507 C A -1
1 0 15810 15 90229975 90234047 -1 90234035 G A -1
1 0 16329 10 96998038 97185959 -1 97185306 C T 1
1 0 16361 7 151375909 151410727 -1 151408980 C T 1
1 0 1640 11 33703010 33736479 -1 33736224 G A -1
1 0 16747 7 139452690 139483673 -1 139453805 C T -1
1 0 16756 9 20999509 21031640 -1 21031480 C T 1
1 0 16760 9 93431441 93453581 -1 93451009 A G 1
1 0 17046 16 28605196 28610044 -1 28609479 C G 1
1 0 17336 10 49734641 49762379 -1 49762383 G A 1
1 0 17426 12 56041351 56044697 1 56042145 C G -1
1 0 17550 6 47477789 47627263 1 47429417 G A -1
1 0 17589 2 108288639 108309915 1 108288592 T C 1
1 0 17711 1 237042184 237833988 1 237032219 C T 1
1 0 17830 2 96325317 96330517 1 96325754 A G 1
1 0 1847 14 94048287 94081202 -1 94081217 G A 1
1 0 1873 1 20499448 20508151 -1 20508117 C A 1
1 0 19692 6 33004182 33009591 -1 33051866 T G -1
1 0 1990 22 17178790 17258235 -1 17199629 A C 1
1 0 19947 19 43967862 43998326 1 43984200 G A -1
1 0 2023 9 114402080 114505473 -1 114505496 T A 1
1 0 20265 15 25677273 25865184 -1 25791058 C T 1
1 0 2058 6 33620365 33696574 1 33633355 G A -1
1 0 2112 19 617221 633537 -1 294946 T C -1
1 0 2217 22 32474676 32498829 1 32474782 C T -1
1 0 2248 22 43166622 43187134 -1 43187592 T C -1
1 0 22523 11 842812 867116 1 844057 C G 1
1 0 22545 6 5103629 5260950 -1 5260461 C T 1
1 0 2463 20 63488013 63499239 -1 63455113 C T -1
1 0 24789 6 33075990 33089696 1 33080825 C A -1
1 0 24810 20 44210907 44226027 1 44211379 A G 1
1 0 2523 20 45469753 45481532 1 45469654 C G 1
1 0 25440 6 2989335 2999604 -1 2999467 C G 1
1 0 25588 1 6234692 6239444 1 6236178 T G -1
1 0 25993 9 8858084 8864772 1 8858303 C G 1
1 0 26125 6 32254640 32407763 1 32255414 G C -1
1 0 26412 9 104927553 104928892 1 104928254 G C -1
1 0 26766 2 118132128 118222250 -1 118186225 T A 1
1 0 2755 16 287440 352723 -1 352434 T A -1
1 0 2781 16 720581 722590 1 721108 C A 1
1 0 2954 19 43766533 43780976 -1 43774627 T G 1
1 0 3018 19 55132698 55149206 -1 55141929 A C 1
1 0 3061 19 46774883 46788594 -1 46777998 C A 1
1 0 3061 19 46774883 46788594 -1 46784893 C A -1
1 0 3167 19 18531751 18544077 -1 18543175 C T 1
1 0 32307 13 112967484 112968824 -1 112968941 G C -1
1 0 32607 1 175156986 175192999 -1 175193171 A G 1
1 0 32902 2 74919555 74924846 -1 74958729 G T 1
1 0 3363 9 111549722 111599893 -1 111599427 G C -1
1 0 34050 10 6580419 6616921 1 6629791 T C 1
1 0 34051 21 33915534 33977703 1 33931656 T C 1
1 0 3485 19 55385932 55403250 1 55385959 A G -1
1 0 3514 17 3896592 3916476 -1 3904738 A G -1
1 0 3775 11 44065925 44084237 1 44066439 G T 1
1 0 38571 5 5069192 5078311 -1 5078200 C T 1
1 0 38581 4 83796436 84299189 -1 84299121 C T 1
1 0 3872 12 6375045 6391571 1 6384185 A G -1
1 0 402 11 94415570 94493885 -1 94493786 C T 1
1 0 404 6 2832332 2841959 -1 2841905 C T -1
1 0 42806 11 72584572 72587979 1 72584486 C A -1
1 0 43825 14 57066260 57112660 -1 57112391 G T 1
1 0 4436 2 100562993 100576739 1 100563496 C T 1
1 0 4780 2 205681990 205798133 1 205700776 C T 1
1 0 47967 17 40360655 40364693 1 40363039 C G -1
1 0 48276 19 44631573 44725217 -1 44718495 T C -1
1 0 4834 4 87975667 87983532 1 87975645 T G -1
1 0 4865 2 106063246 106078155 1 106065861 A G 1
1 0 48946 19 562360 572228 -1 572317 G C 1
1 0 4915 14 94127779 94130253 -1 94129652 T C -1
1 0 4933 14 75958097 75983011 -1 75982578 G A -1
1 0 49349 9 137084946 137086817 -1 137453372 G C -1
1 0 49355 19 18940235 18947452 1 18940148 A G -1
1 0 51227 18 3245288 3247433 -1 3247258 A C 1
1 0 5368 12 52069246 52077495 1 52070051 C A -1
1 0 53736 14 22547506 22552156 1 22550220 T C -1
1 0 543 4 177430774 177442437 -1 177442224 G A 1
1 0 5632 17 15303811 15341632 -1 15341610 A T -1
1 0 5694 19 45815410 45863194 -1 45816157 G C 1
1 0 57421 6 7258910 7261993 -1 7261752 T C -1
1 0 57595 10 52946431 52955585 -1 52966268 A G 1
1 0 57981 10 63630672 63655769 1 63630874 T C -1
1 0 580 14 89954939 90044764 1 89956320 T C -1
1 0 59833 11 308408 315272 1 316299 T G 1
1 0 6147 14 20365667 20413501 -1 20413368 T C -1
1 0 6359 6 151239967 151358559 1 151325496 G A -1
1 0 6448 11 69985907 70189530 1 70073370 G A 1
1 0 6525 18 670318 712662 -1 658423 A G -1
1 0 6572 17 75721328 75757818 1 75721341 C G 1
1 0 683 5 180233143 180292099 -1 180314374 C A 1
1 0 6861 2 11677595 11827409 1 11784824 T C 1
1 0 688 19 18929201 18941261 -1 18940148 A G -1
1 0 6899 12 21526296 21541249 1 21527544 C T -1
1 0 6959 13 110641412 110713603 -1 110645352 C A -1
1 0 7083 6 135283407 135498434 -1 135497759 C A -1
1 0 7109 16 82147798 82170224 -1 82170181 C G -1
1 0 7203 13 75620434 75859870 1 75636606 A C 1
1 0 7224 7 6577434 6589374 1 6577616 C G 1
1 0 756 4 169729470 169757944 -1 169757842 T C -1
1 0 7588 10 102461395 102477045 1 102461782 A G -1
1 0 7710 4 76435229 76783253 1 76704726 C T -1
1 0 772 10 5765223 5842132 -1 5813440 G C 1
1 0 7764 12 6693791 6700815 -1 6700730 G C 1
1 0 7930 15 77041404 77083984 -1 77083841 C A 1
1 0 8314 1 165631213 165661796 1 165632229 G A 1
1 0 8425 1 243124428 243255348 -1 243114174 G T 1
1 0 8583 3 57089982 57170306 -1 57126284 T C -1
1 0 8635 3 195746765 195811973 -1 195812030 C T 1
1 0 9067 10 11823339 11872277 1 11823305 C T -1
1 0 9084 10 84194537 84219621 1 84194464 C T 1
1 0 9140 11 57299638 57324952 -1 57311247 C T -1
1 0 9176 11 130159782 130210362 1 130159766 T C 1
1 0 9177 11 119044188 119057227 -1 119057196 C G 1
1 0 942 10 6427143 6580301 -1 6629791 T C 1
1 0 9421 4 184694085 184734130 -1 184734017 C T 1
1 0 95 7 95297676 95324532 -1 95324583 G A -1
1 0 9578 5 64718148 64768691 -1 64768584 G C -1
1 0 9773 17 35435096 35448837 -1 35433630 C G 1
1 0 9921 1 111117163 111140203 -1 111139496 C T -1
1 0 9977 11 57703710 57712221 -1 57712260 G C -1
