0 0 10057 14 23953734 23969279 1 23953727 C G -1
0 0 10057 14 23953734 23969279 1 23953798 G A -1
0 0 10057 14 23953734 23969279 1 23954373 A G -1
0 0 10119 1 2555639 2565382 1 2557169 T C 1
0 0 10119 1 2555639 2565382 1 2568341 G A 1
0 0 10162 18 21650901 21704780 -1 21655045 A G 1
0 0 10261 11 78095244 78139660 -1 78132605 C T 1
0 0 10261 11 78095244 78139660 -1 78132683 T C 1
0 0 10282 17 48892765 48895871 1 48944908 C T 1
0 0 10284 17 48908407 48929056 1 48908231 A C -1
0 0 10305 17 45393902 45434421 -1 45585881 C A -1
0 0 10305 17 45393902 45434421 -1 45894571 C A -1
0 0 10305 17 45393902 45434421 -1 45894776 G A -1
0 0 10353 16 67438014 67481181 -1 67430908 G A 1
0 0 10415 21 43529186 43659488 -1 43660671 A T -1
0 0 1047 3 48688003 48740353 -1 49120338 G A 1
0 0 10478 11 117204337 117232525 -1 117025439 A C 1
0 0 10526 8 144428775 144444440 -1 144428850 T C 1
0 0 10526 8 144428775 144444440 -1 144428915 G A 1
0 0 10652 16 3305406 3318852 1 3283391 C T -1
0 0 10981 2 218217141 218254356 1 218230831 G A 1
0 0 10983 1 156308968 156367873 -1 156245771 G A -1
0 0 10983 1 156308968 156367873 -1 156283240 G C -1
0 0 1109 17 2384073 2401104 -1 2401361 T C 1
0 0 1119 8 42152946 42171673 1 42152948 A G -1
0 0 11197 4 127965315 128039953 1 127955681 C T 1
0 0 11285 4 184627696 184650062 -1 184668449 C T 1
0 0 11285 4 184627696 184650062 -1 184684522 A T 1
0 0 11285 4 184627696 184650062 -1 184684843 C A 1
0 0 11288 5 96875986 96919703 1 96936529 G C 1
0 0 11288 5 96875986 96919703 1 96936803 A G 1
0 0 11288 5 96875986 96919703 1 96957340 C T 1
0 0 11300 5 73565443 73583380 1 73565484 G A -1
0 0 11320 6 87470623 87512336 1 87602257 A G 1
0 0 11345 7 6409126 6484190 -1 6381963 A G 1
0 0 11345 7 6409126 6484190 -1 6436168 T C 1
0 0 11345 7 6409126 6484190 -1 6436606 C T 1
0 0 11345 7 6409126 6484190 -1 6447500 G C -1
0 0 11352 5 150442635 150449739 -1 150441909 T C -1
0 0 11352 5 150442635 150449739 -1 150442527 T C -1
0 0 11352 5 150442635 150449739 -1 150461563 C G -1
0 0 1141 2 101002229 101024032 1 101012438 G A 1
0 0 11454 8 94813311 94881746 1 94814945 C T 1
0 0 11454 8 94813311 94881746 1 94815470 C T 1
0 0 11454 8 94813311 94881746 1 94824079 T C 1
0 0 11556 10 45454585 45594906 -1 45553470 G A 1
0 0 11556 10 45454585 45594906 -1 45557613 G A 1
0 0 11556 10 45454585 45594906 -1 45580748 G T 1
0 0 11698 10 16436943 16513745 1 16437651 C T 1
0 0 11702 10 18659431 18681639 1 18627451 C T -1
0 0 11702 10 18659431 18681639 1 18658450 G A -1
0 0 11714 11 95789965 95832693 1 95768942 A C 1
0 0 11714 11 95789965 95832693 1 95789866 T G 1
0 0 11714 11 95789965 95832693 1 95854938 T G 1
0 0 11714 11 95789965 95832693 1 95923947 T G 1
0 0 11787 10 73110375 73131828 1 73080497 C T -1
0 0 11787 10 73110375 73131828 1 73111011 T C -1
0 0 11787 10 73110375 73131828 1 73111096 A C -1
0 0 11787 10 73110375 73131828 1 73162990 T A -1
0 0 11787 10 73110375 73131828 1 73167726 A G -1
0 0 11787 10 73110375 73131828 1 73480219 C T -1
0 0 11893 15 43628503 43668118 -1 43639208 G T -1
0 0 11893 15 43628503 43668118 -1 43788741 C T -1
0 0 11893 15 43628503 43668118 -1 43788945 C T -1
0 0 11893 15 43628503 43668118 -1 43789521 A T -1
0 0 11962 15 90954881 90963125 1 90935314 A C 1
0 0 11962 15 90954881 90963125 1 90988765 C T 1
0 0 11970 15 43746394 43773279 1 43329749 A G 1
0 0 11970 15 43746394 43773279 1 43330718 C T 1
0 0 11970 15 43746394 43773279 1 43639208 G T 1
0 0 11970 15 43746394 43773279 1 43824788 C T 1
0 0 11978 22 41367333 41399326 1 41381237 A G 1
0 0 11978 22 41367333 41399326 1 41425989 C A -1
0 0 11978 22 41367333 41399326 1 41444403 T C -1
0 0 11979 22 41699503 41799456 1 41589954 C A 1
0 0 11979 22 41699503 41799456 1 41597492 G A 1
0 0 11979 22 41699503 41799456 1 41752463 G A -1
0 0 11979 22 41699503 41799456 1 41781449 G C 1
0 0 12230 3 39406716 39426255 1 39384266 C T -1
0 0 12230 3 39406716 39426255 1 39398696 G A -1
0 0 12230 3 39406716 39426255 1 39406933 T C -1
0 0 12230 3 39406716 39426255 1 39414026 C T -1
0 0 12230 3 39406716 39426255 1 39414894 A T -1
0 0 12232 3 41194741 41260096 1 41243400 G A 1
0 0 12233 3 41246599 41962130 -1 41852948 T C 1
0 0 12252 6 57046532 57055239 1 57221614 C G -1
0 0 12296 8 51817575 51899186 -1 51804928 A C 1
0 0 12296 8 51817575 51899186 -1 51857203 C T 1
0 0 12296 8 51817575 51899186 -1 51885570 T C 1
0 0 12296 8 51817575 51899186 -1 51898465 G T 1
0 0 12311 2 241315100 241354027 1 241323808 G A -1
0 0 12311 2 241315100 241354027 1 241336164 G A -1
0 0 12338 16 28822999 28837237 1 28951434 G A 1
0 0 12398 12 123671110 123708399 1 123681953 T C 1
0 0 12398 12 123671110 123708399 1 123688008 A T 1
0 0 12398 12 123671110 123708399 1 123712188 G C 1
0 0 12398 12 123671110 123708399 1 123714174 C T 1
0 0 12447 2 227325151 227357833 1 227351900 G A -1
0 0 12675 2 127298668 127388465 -1 127306369 T C -1
0 0 12744 17 20449395 20467539 -1 20203756 G T 1
0 0 12744 17 20449395 20467539 -1 20226761 C T -1
0 0 12744 17 20449395 20467539 -1 20226841 C G 1
0 0 12813 5 50396192 50443248 -1 50653886 C T -1
0 0 12813 5 50396192 50443248 -1 50667824 T G -1
0 0 12813 5 50396192 50443248 -1 50717509 A G -1
0 0 12932 2 28849821 28870309 -1 28751273 G T -1
0 0 12965 6 155264013 155276548 1 155246727 A C -1
0 0 12965 6 155264013 155276548 1 155248504 G C -1
0 0 13176 3 48290722 48301685 -1 48301597 C T -1
0 0 13176 3 48290722 48301685 -1 48301800 C T -1
0 0 13211 11 47589667 47594411 -1 47426946 T C -1
0 0 13349 11 71453109 71524107 1 71453075 C A 1
0 0 13349 11 71453109 71524107 1 71453425 G A 1
0 0 13418 3 121769761 121835079 -1 121767046 A C 1
0 0 13418 3 121769761 121835079 -1 121804097 C T 1
0 0 1349 10 103087185 103277605 -1 102854593 C T 1
0 0 1349 10 103087185 103277605 -1 103054405 T C -1
0 0 13586 4 38790677 38856817 -1 38857718 C T 1
0 0 13639 15 66504959 66550130 1 66472612 C T 1
0 0 13639 15 66504959 66550130 1 66498261 T C 1
0 0 13673 1 212992182 213015867 -1 213051377 T C -1
0 0 13673 1 212992182 213015867 -1 213256972 C G 1
0 0 13720 3 158105855 158545730 1 158539973 G A -1
0 0 13769 3 139005806 139360497 1 139389874 T A -1
0 0 13770 11 66070272 66244744 1 66081785 C T -1
0 0 13770 11 66070272 66244744 1 66139063 A G 1
0 0 13770 11 66070272 66244744 1 66277873 G C -1
0 0 13770 11 66070272 66244744 1 66288671 A C 1
0 0 13821 11 8947202 8965011 -1 8937473 G A -1
0 0 13936 18 12307669 12344320 1 12308609 C T 1
0 0 13936 18 12307669 12344320 1 12318453 G A -1
0 0 13964 11 33039417 33105943 1 33039223 T C 1
0 0 13964 11 33039417 33105943 1 33040192 C T 1
0 0 13964 11 33039417 33105943 1 33040268 C T 1
0 0 13964 11 33039417 33105943 1 33063329 T A 1
0 0 13964 11 33039417 33105943 1 33065319 C A 1
0 0 13964 11 33039417 33105943 1 33065553 G A 1
0 0 13979 8 42541155 42555195 1 42541861 C T -1
0 0 14018 17 30769388 30824692 -1 30600904 C T -1
0 0 14018 17 30769388 30824692 -1 30731232 G A 1
0 0 14018 17 30769388 30824692 -1 30731845 G A 1
0 0 14060 8 86468257 86514357 -1 86522641 T A 1
0 0 14266 8 118189455 118622112 -1 118620955 C T -1
0 0 14266 8 118189455 118622112 -1 118621022 T G -1
0 0 14280 1 155234452 155244699 -1 155208991 T A 1
0 0 14280 1 155234452 155244699 -1 155244275 C T -1
0 0 1429 8 17922842 18029948 1 17927749 A C -1
0 0 1429 8 17922842 18029948 1 18030868 T C -1
0 0 14404 3 49007062 49015953 1 49120338 G A -1
0 0 14418 7 1152071 1160759 -1 1160154 G C -1
0 0 14418 7 1152071 1160759 -1 1160276 A G -1
0 0 14418 7 1152071 1160759 -1 1170052 T A -1
0 0 14418 7 1152071 1160759 -1 1176802 A G -1
0 0 14524 9 83980798 84004074 1 83882419 G A -1
0 0 14524 9 83980798 84004074 1 83980155 C T -1
0 0 1455 10 70147289 70170523 -1 70234022 G T -1
0 0 1459 12 48039784 48106079 -1 48198065 A G -1
0 0 14607 6 32659467 32668383 -1 32659486 T C -1
0 0 14607 6 32659467 32668383 -1 32659522 A T -1
0 0 14607 6 32659467 32668383 -1 32659575 A G -1
0 0 14607 6 32659467 32668383 -1 32659588 T C -1
0 0 14607 6 32659467 32668383 -1 32659664 A C -1
0 0 14607 6 32659467 32668383 -1 32659683 T G -1
0 0 14607 6 32659467 32668383 -1 32659740 T G -1
0 0 14607 6 32659467 32668383 -1 32659823 G T -1
0 0 14607 6 32659467 32668383 -1 32666737 A G -1
0 0 14638 8 144098633 144108124 -1 144094957 A G -1
0 0 14638 8 144098633 144108124 -1 144095198 T G -1
0 0 14638 8 144098633 144108124 -1 144103600 G T -1
0 0 14638 8 144098633 144108124 -1 144104196 G A -1
0 0 1471 2 15591178 15634346 1 15591874 A G -1
0 0 14758 16 1826967 1840207 1 1827174 G A 1
0 0 14792 3 121631399 121660927 -1 122003643 A C -1
0 0 14866 13 21348784 21459370 -1 21459023 C G 1
0 0 15115 9 95871264 96121154 1 95822819 A G -1
0 0 15115 9 95871264 96121154 1 95876006 A G 1
0 0 15141 3 23203020 23591794 1 23566760 C A -1
0 0 15184 17 81556887 81648465 -1 81562528 G C 1
0 0 15239 21 37073226 37203112 1 36689322 C A -1
0 0 15239 21 37073226 37203112 1 37074321 A G 1
0 0 15239 21 37073226 37203112 1 37167055 C T -1
0 0 15239 21 37073226 37203112 1 37185106 G T -1
0 0 15239 21 37073226 37203112 1 37207850 C G -1
0 0 15239 21 37073226 37203112 1 37208008 A G -1
0 0 15239 21 37073226 37203112 1 37208813 T C -1
0 0 15239 21 37073226 37203112 1 37209221 T A -1
0 0 15249 15 60347134 60402883 -1 60397796 G T 1
0 0 15304 6 26538366 26546933 1 26554740 G A 1
0 0 15304 6 26538366 26546933 1 26561801 G C 1
0 0 15304 6 26538366 26546933 1 26577080 T A 1
0 0 15304 6 26538366 26546933 1 26577142 C T 1
0 0 15304 6 26538366 26546933 1 26577260 G A 1
0 0 15304 6 26538366 26546933 1 26577629 C G 1
0 0 15367 19 48993562 49015970 1 49018537 G C -1
0 0 15617 14 73537143 73543796 1 73571367 G A 1
0 0 15718 8 25459199 25507911 1 25459273 A G -1
0 0 15763 2 151247940 151261863 -1 151261266 T C -1
0 0 15763 2 151247940 151261863 -1 151261757 G A -1
0 0 15763 2 151247940 151261863 -1 151261761 A G -1
0 0 15763 2 151247940 151261863 -1 151300248 A G -1
0 0 15789 17 43211835 43220041 1 43310090 T C 1
0 0 15789 17 43211835 43220041 1 43315939 T C 1
0 0 15789 17 43211835 43220041 1 43316084 T C 1
0 0 15789 17 43211835 43220041 1 43334234 G C 1
0 0 15901 2 230327184 230403732 1 230411809 A T -1
0 0 16123 2 238224552 238231711 -1 238241004 C G 1
0 0 16131 1 179082070 179098023 1 179105734 T G -1
0 0 16131 1 179082070 179098023 1 179131156 T C 1
0 0 16175 5 82273320 82278396 -1 82526635 T G 1
0 0 16177 6 26365159 26378320 1 26364702 T C -1
0 0 16322 14 73958010 74019399 -1 73950242 G C -1
0 0 16569 7 100148912 100155944 1 100423359 G A -1
0 0 16569 7 100148912 100155944 1 100483563 G A -1
0 0 16576 19 37506939 37548762 1 37312795 T A 1
0 0 16665 1 121167646 121185539 -1 121263386 A G -1
0 0 16665 1 121167646 121185539 -1 121375092 A G -1
0 0 16690 10 125784980 125823288 -1 125786582 A T -1
0 0 16690 10 125784980 125823288 -1 125798316 C T -1
0 0 16690 10 125784980 125823288 -1 125823221 G T -1
0 0 1674 2 233475526 233566782 -1 233364042 A G 1
0 0 1683 5 62347284 62403943 -1 62319907 A G 1
0 0 1683 5 62347284 62403943 -1 62326363 T C 1
0 0 1683 5 62347284 62403943 -1 62340538 G A -1
0 0 16833 2 113211421 113276581 1 113235767 A C -1
0 0 16833 2 113211421 113276581 1 113235808 C G -1
0 0 16848 6 28349947 28369172 1 28356161 T C -1
0 0 16865 2 190504338 190534722 -1 190534112 C T -1
0 0 16865 2 190504338 190534722 -1 190534356 C T -1
0 0 16889 10 100273280 100286680 -1 100286623 T G -1
0 0 16909 6 32577902 32589848 -1 32584219 G T 1
0 0 16909 6 32577902 32589848 -1 32604104 G A -1
0 0 16909 6 32577902 32589848 -1 32604156 C A -1
0 0 16909 6 32577902 32589848 -1 32604283 T C -1
0 0 16909 6 32577902 32589848 -1 32604371 G A -1
0 0 16909 6 32577902 32589848 -1 32604447 A G -1
0 0 16909 6 32577902 32589848 -1 32604528 G T -1
0 0 16909 6 32577902 32589848 -1 32604534 T C -1
0 0 16909 6 32577902 32589848 -1 32604545 C T -1
0 0 16909 6 32577902 32589848 -1 32604674 A G -1
0 0 16909 6 32577902 32589848 -1 32604889 A G -1
0 0 16909 6 32577902 32589848 -1 32604918 G C -1
0 0 16909 6 32577902 32589848 -1 32610112 T C -1
0 0 16909 6 32577902 32589848 -1 32610263 C G -1
0 0 16909 6 32577902 32589848 -1 32610979 C T -1
0 0 16909 6 32577902 32589848 -1 32622471 T C -1
0 0 16909 6 32577902 32589848 -1 32622604 A T -1
0 0 16909 6 32577902 32589848 -1 32622651 T C -1
0 0 16909 6 32577902 32589848 -1 32622660 A G -1
0 0 16909 6 32577902 32589848 -1 32622686 G A -1
0 0 16909 6 32577902 32589848 -1 32622706 C T -1
0 0 16909 6 32577902 32589848 -1 32622813 T G -1
0 0 16909 6 32577902 32589848 -1 32623351 G A -1
0 0 16985 1 207321519 207386804 1 207310100 G A -1
0 0 16985 1 207321519 207386804 1 207346177 G A 1
0 0 17052 7 144451941 144836395 -1 144835011 G A -1
0 0 17087 4 68646597 68670652 -1 68505328 T C 1
0 0 17087 4 68646597 68670652 -1 68505386 C G 1
0 0 17087 4 68646597 68670652 -1 68505512 T C 1
0 0 17121 6 32628179 32647062 1 32603202 G A 1
0 0 17121 6 32628179 32647062 1 32603204 T C 1
0 0 17121 6 32628179 32647062 1 32603205 G A 1
0 0 17121 6 32628179 32647062 1 32623909 A G -1
0 0 17121 6 32628179 32647062 1 32627852 C T -1
0 0 17121 6 32628179 32647062 1 32628097 C T 1
0 0 17121 6 32628179 32647062 1 32628177 G A -1
0 0 17121 6 32628179 32647062 1 32628195 G A -1
0 0 17121 6 32628179 32647062 1 32659486 T C -1
0 0 17121 6 32628179 32647062 1 32659522 A T -1
0 0 17121 6 32628179 32647062 1 32659575 A G -1
0 0 17121 6 32628179 32647062 1 32659617 C T -1
0 0 17121 6 32628179 32647062 1 32659619 C T -1
0 0 17121 6 32628179 32647062 1 32659657 A C -1
0 0 17121 6 32628179 32647062 1 32659664 A C -1
0 0 17121 6 32628179 32647062 1 32659823 G T -1
0 0 17121 6 32628179 32647062 1 32659858 T G -1
0 0 17121 6 32628179 32647062 1 32666737 A G -1
0 0 17121 6 32628179 32647062 1 32668261 A T -1
0 0 17190 2 69644425 69827112 1 69803070 A G 1
0 0 17362 15 52307281 52529132 -1 52482071 A G -1
0 0 17362 15 52307281 52529132 -1 52496753 G C -1
0 0 17362 15 52307281 52529132 -1 52497108 T G -1
0 0 17373 18 61905255 62187118 -1 61894634 C T -1
0 0 17511 15 82429816 82439153 1 82507035 G A -1
0 0 17511 15 82429816 82439153 1 82531225 C G -1
0 0 17511 15 82429816 82439153 1 82571955 G A -1
0 0 17511 15 82429816 82439153 1 82709864 C T -1
0 0 17520 9 92297358 92325636 -1 92293635 A T 1
0 0 17520 9 92297358 92325636 -1 92293811 G T 1
0 0 17520 9 92297358 92325636 -1 92299520 G A 1
0 0 17520 9 92297358 92325636 -1 92360062 A G 1
0 0 17520 9 92297358 92325636 -1 92534474 G A 1
0 0 17520 9 92297358 92325636 -1 92535054 C G 1
0 0 17520 9 92297358 92325636 -1 92669330 A T 1
0 0 17566 2 190189735 190344193 -1 190272435 C T 1
0 0 17566 2 190189735 190344193 -1 190272774 C G 1
0 0 1758 2 119759922 119984899 1 119753520 T G -1
0 0 17669 17 43125551 43153671 1 43024671 T C -1
0 0 17669 17 43125551 43153671 1 43024814 G A -1
0 0 17669 17 43125551 43153671 1 43315939 T C -1
0 0 17669 17 43125551 43153671 1 43324652 C T -1
0 0 17671 6 32517353 32530287 -1 32413597 G C 1
0 0 17671 6 32517353 32530287 -1 32413666 A T 1
0 0 17671 6 32517353 32530287 -1 32473231 C T 1
0 0 17671 6 32517353 32530287 -1 32603345 C T 1
0 0 17671 6 32517353 32530287 -1 32604184 T C 1
0 0 17671 6 32517353 32530287 -1 32622616 T G 1
0 0 17671 6 32517353 32530287 -1 32622660 A G 1
0 0 17671 6 32517353 32530287 -1 32622706 C T 1
0 0 17671 6 32517353 32530287 -1 32623003 T C 1
0 0 17671 6 32517353 32530287 -1 32623093 T C 1
0 0 1772 13 110878540 110915069 -1 110886178 T G -1
0 0 1772 13 110878540 110915069 -1 110888213 T C -1
0 0 1772 13 110878540 110915069 -1 110915159 G A -1
0 0 17725 5 95461755 95555050 -1 95554661 G C 1
0 0 1811 20 18383367 18467281 -1 18632598 T C -1
0 0 1811 20 18383367 18467281 -1 18679722 G A -1
0 0 1811 20 18383367 18467281 -1 18728444 G A -1
0 0 1837 16 4510669 4538828 -1 4474442 C G 1
0 0 1852 10 125836337 125896436 -1 125960442 C T -1
0 0 1898 19 39412669 39428415 1 39440391 T C 1
0 0 1906 7 76461676 76505995 1 76549200 T C 1
0 0 1932 17 6451263 6556555 -1 6640928 G A -1
0 0 19580 6 87344813 87365463 1 87333842 T C -1
0 0 19639 1 37860697 37947053 -1 37990219 G C 1
0 0 19639 1 37860697 37947053 -1 37990434 G A -1
0 0 19713 6 32180968 32184322 -1 31911600 G A -1
0 0 19801 6 31268749 31272130 -1 31203447 G T 1
0 0 19804 6 31164337 31180731 -1 31190407 T A 1
0 0 19804 6 31164337 31180731 -1 31190596 G A 1
0 0 19850 6 29826967 29831125 1 29738351 G C 1
0 0 19850 6 29826967 29831125 1 29942211 C T 1
0 0 19850 6 29826967 29831125 1 29948691 C T 1
0 0 19867 19 50050589 50066793 1 49987233 C T 1
0 0 19867 19 50050589 50066793 1 49987313 A G 1
0 0 19867 19 50050589 50066793 1 49987511 C A 1
0 0 19867 19 50050589 50066793 1 50004079 A G 1
0 0 19867 19 50050589 50066793 1 50025337 C T 1
0 0 19867 19 50050589 50066793 1 50025439 T C 1
0 0 19867 19 50050589 50066793 1 50025530 T G 1
0 0 19867 19 50050589 50066793 1 50026099 G A 1
0 0 1994 3 37052626 37183689 -1 37140504 A G 1
0 0 1994 3 37052626 37183689 -1 37242936 T G 1
0 0 1994 3 37052626 37183689 -1 37288163 G A 1
0 0 1994 3 37052626 37183689 -1 37291330 T C 1
0 0 19992 8 109362461 109537207 1 109209514 A C -1
0 0 20096 7 77050391 77062558 -1 76576079 A G -1
0 0 20096 7 77050391 77062558 -1 76978621 C T 1
0 0 20105 11 2944431 2992377 -1 3010238 G A 1
0 0 20152 17 4899418 4902934 1 4903133 G A 1
0 0 20152 17 4899418 4902934 1 4903423 T C 1
0 0 2019 9 129094142 129111189 -1 129132061 A C 1
0 0 2019 9 129094142 129111189 -1 129141602 C T -1
0 0 20276 6 31197760 31203968 1 31197373 G C 1
0 0 20276 6 31197760 31203968 1 31351809 C T 1
0 0 20285 6 29941260 29949572 1 29752342 G C 1
0 0 20285 6 29941260 29949572 1 29845227 C T -1
0 0 20285 6 29941260 29949572 1 29845278 T C -1
0 0 20285 6 29941260 29949572 1 29888332 C T 1
0 0 20285 6 29941260 29949572 1 29888422 A G 1
0 0 20285 6 29941260 29949572 1 29910015 C T -1
0 0 20285 6 29941260 29949572 1 29926253 G C 1
0 0 20285 6 29941260 29949572 1 29926362 G A 1
0 0 20285 6 29941260 29949572 1 29926630 G A 1
0 0 20285 6 29941260 29949572 1 29926790 G A 1
0 0 20285 6 29941260 29949572 1 29927076 C T -1
0 0 20285 6 29941260 29949572 1 29927262 A C 1
0 0 2063 9 26947039 27066134 1 26800361 A C -1
0 0 2063 9 26947039 27066134 1 26935320 C T -1
0 0 2063 9 26947039 27066134 1 27022938 G A -1
0 0 22093 7 144186083 144195879 -1 144128335 T C -1
0 0 2231 22 42835412 43015149 -1 42923152 T C 1
0 0 22369 20 25624045 25689032 1 25518626 A G -1
0 0 22369 20 25624045 25689032 1 25540438 G A -1
0 0 22566 2 108507515 108534196 -1 108460400 C T -1
0 0 22594 7 101239458 101252316 -1 101252653 A G -1
0 0 22594 7 101239458 101252316 -1 101252788 C T -1
0 0 22618 7 77657659 77696290 -1 77697093 T C -1
0 0 22618 7 77657659 77696290 -1 77735219 A C -1
0 0 22658 17 46193566 46197842 1 45894091 G C 1
0 0 22658 17 46193566 46197842 1 45949124 A C 1
0 0 22658 17 46193566 46197842 1 46002673 T G 1
0 0 22658 17 46193566 46197842 1 46156067 G C 1
0 0 22658 17 46193566 46197842 1 46156223 T C 1
0 0 22658 17 46193566 46197842 1 46156445 C T 1
0 0 22835 6 29726601 29749049 -1 29752399 A G 1
0 0 22835 6 29726601 29749049 -1 29752703 T C 1
0 0 22835 6 29726601 29749049 -1 29760432 C A 1
0 0 22835 6 29726601 29749049 -1 29760531 A T 1
0 0 22835 6 29726601 29749049 -1 29764034 G A 1
0 0 22835 6 29726601 29749049 -1 29764632 A G 1
0 0 2287 22 41205282 41231271 1 41091340 G A 1
0 0 2295 22 41576900 41589871 -1 41763069 T C 1
0 0 2306 14 24439766 24442905 -1 24442646 C G -1
0 0 2310 14 22893204 22919182 -1 22561769 T G -1
0 0 23241 10 32446140 32882874 1 32475685 C T -1
0 0 23241 10 32446140 32882874 1 32938585 C G -1
0 0 2389 14 34981957 35029686 1 34966319 G A 1
0 0 2389 14 34981957 35029686 1 34971843 G T 1
0 0 2389 14 34981957 35029686 1 34981897 T A 1
0 0 2402 14 39031919 39109646 -1 39024173 G C 1
0 0 2416 20 25391008 25452700 1 25510455 C G 1
0 0 24528 2 195532945 195540287 1 195532968 C T -1
0 0 24528 2 195532945 195540287 1 195533302 A G -1
0 0 24571 6 32659880 32660729 1 32666484 C T -1
0 0 24571 6 32659880 32660729 1 32666485 T G -1
0 0 24571 6 32659880 32660729 1 32666779 G A -1
0 0 24571 6 32659880 32660729 1 32666816 G C -1
0 0 24571 6 32659880 32660729 1 32666869 T C -1
0 0 24571 6 32659880 32660729 1 32668361 A G -1
0 0 24745 21 33263873 33266296 -1 33230944 C G -1
0 0 24745 21 33263873 33266296 -1 33239013 C T -1
0 0 24745 21 33263873 33266296 -1 33239240 T C -1
0 0 24789 6 33075990 33089696 1 33082665 C A -1
0 0 24789 6 33075990 33089696 1 33082744 G T -1
0 0 24789 6 33075990 33089696 1 33082748 T C -1
0 0 24931 7 1074450 1078036 1 1044291 G T -1
0 0 24931 7 1074450 1078036 1 1044758 G A -1
0 0 251 7 38178245 38230670 1 38254513 G C 1
0 0 2535 20 45841721 45857405 -1 45890204 A T -1
0 0 2551 18 12991362 13125052 1 12998930 G T -1
0 0 2551 18 12991362 13125052 1 13137993 G C -1
0 0 2559 18 54269517 54321266 1 54285386 C A -1
0 0 2559 18 54269517 54321266 1 54291150 C A -1
0 0 25871 1 47096653 47179271 -1 47161866 C G 1
0 0 26272 2 199760544 199851192 -1 199955782 T G 1
0 0 26650 10 95732976 96090250 -1 96017558 G T -1
0 0 2702 16 4616493 4690974 1 4748200 C T 1
0 0 27106 13 79406293 79427317 1 79296580 A T 1
0 0 27106 13 79406293 79427317 1 79317469 A G -1
0 0 27106 13 79406293 79427317 1 79329315 A G 1
0 0 27106 13 79406293 79427317 1 79331980 G A 1
0 0 27106 13 79406293 79427317 1 79347598 C G 1
0 0 27106 13 79406293 79427317 1 79371969 A G 1
0 0 27106 13 79406293 79427317 1 79394076 T G 1
0 0 27106 13 79406293 79427317 1 79405544 T C 1
0 0 27190 23 55908123 56209271 1 55867558 A G 1
0 0 27190 23 55908123 56209271 1 55867932 T C 1
0 0 2779 16 1444934 1475077 -1 1459122 G A -1
0 0 27828 2 97664217 97703066 1 97870353 C A -1
0 0 27828 2 97664217 97703066 1 97908839 A T -1
0 0 27960 17 46274784 46361766 -1 45894091 G C 1
0 0 27960 17 46274784 46361766 -1 45894115 T C 1
0 0 27960 17 46274784 46361766 -1 45894238 C G 1
0 0 27960 17 46274784 46361766 -1 45894571 C A 1
0 0 27960 17 46274784 46361766 -1 45949112 A G 1
0 0 27960 17 46274784 46361766 -1 45949124 A C 1
0 0 27960 17 46274784 46361766 -1 46003042 G C 1
0 0 27960 17 46274784 46361766 -1 46035377 C A 1
0 0 27960 17 46274784 46361766 -1 46144236 G C 1
0 0 27960 17 46274784 46361766 -1 46156067 G C 1
0 0 27960 17 46274784 46361766 -1 46157160 C T 1
0 0 27960 17 46274784 46361766 -1 46192693 A T 1
0 0 27960 17 46274784 46361766 -1 46193443 A G 1
0 0 27960 17 46274784 46361766 -1 46193786 G A 1
0 0 27960 17 46274784 46361766 -1 46267444 T G 1
0 0 27960 17 46274784 46361766 -1 46291536 G A 1
0 0 27972 5 80626226 80654983 -1 80651370 G C -1
0 0 27972 5 80626226 80654983 -1 80654678 C T -1
0 0 28007 7 141704003 141738346 -1 141755277 C T 1
0 0 28243 13 110894639 110899172 -1 110886178 T G -1
0 0 2839 15 64387748 64455303 1 64145019 C T 1
0 0 2839 15 64387748 64455303 1 64163157 G A 1
0 0 2839 15 64387748 64455303 1 64596732 A C 1
0 0 2839 15 64387748 64455303 1 64597264 G A 1
0 0 2839 15 64387748 64455303 1 64754881 G A 1
0 0 2846 15 78921058 78949574 -1 78939988 T C 1
0 0 2866 15 51447711 51622833 -1 51622465 G A -1
0 0 2866 15 51447711 51622833 -1 51622519 T C -1
0 0 29033 1 236540094 236550280 -1 236543071 A G -1
0 0 2916 8 65602458 65634217 -1 65574371 T C 1
0 0 2916 8 65602458 65634217 -1 65574458 C T 1
0 0 2916 8 65602458 65634217 -1 65586991 G A 1
0 0 2916 8 65602458 65634217 -1 65587498 G T 1
0 0 2916 8 65602458 65634217 -1 65619668 A G -1
0 0 29189 10 43420738 43422100 1 43397129 G C -1
0 0 2921 8 81799581 81842866 -1 81795794 G A -1
0 0 2921 8 81799581 81842866 -1 81815280 C T -1
0 0 2942 8 614746 738106 -1 636951 C T 1
0 0 29733 6 33064569 33080775 -1 33057397 C G -1
0 0 29733 6 33064569 33080775 -1 33062148 A G -1
0 0 2976 19 49446298 49453497 -1 49451759 G T -1
0 0 2976 19 49446298 49453497 -1 49451965 G A -1
0 0 2976 19 49446298 49453497 -1 49453753 C T -1
0 0 30051 12 10824960 11171608 -1 11033962 C A -1
0 0 30051 12 10824960 11171608 -1 11033967 T C -1
0 0 30051 12 10824960 11171608 -1 11033995 T G -1
0 0 30051 12 10824960 11171608 -1 11033998 A T -1
0 0 30051 12 10824960 11171608 -1 11136570 T C -1
0 0 30051 12 10824960 11171608 -1 11171764 T C -1
0 0 3009 19 54617158 54638022 1 54573837 G A -1
0 0 3029 19 57487711 57496098 1 57487814 A G -1
0 0 30413 7 101308270 101314800 1 101308660 T G -1
0 0 30534 6 32756098 32763532 -1 32659533 C T 1
0 0 30534 6 32756098 32763532 -1 32659585 A C 1
0 0 30534 6 32756098 32763532 -1 32659619 C T 1
0 0 30534 6 32756098 32763532 -1 32666466 G A 1
0 0 30534 6 32756098 32763532 -1 32666541 C A 1
0 0 30534 6 32756098 32763532 -1 32666807 C G 1
0 0 30534 6 32756098 32763532 -1 32691832 T C 1
0 0 30534 6 32756098 32763532 -1 32691868 A G 1
0 0 30701 6 135055033 135060550 1 135044680 C T -1
0 0 30967 3 49357174 49358605 -1 49476477 G A -1
0 0 31137 19 36573070 36594712 1 36573148 T A 1
0 0 31137 19 36573070 36594712 1 36573365 C T 1
0 0 31137 19 36573070 36594712 1 36605171 C G 1
0 0 31137 19 36573070 36594712 1 36687795 T C -1
0 0 31646 5 179023804 179035064 1 179023475 G C 1
0 0 31646 5 179023804 179035064 1 179023645 C G 1
0 0 31646 5 179023804 179035064 1 179023994 T C 1
0 0 31646 5 179023804 179035064 1 179024213 T C 1
0 0 3183 7 32495426 32588726 1 32479652 T C -1
0 0 3183 7 32495426 32588726 1 32535887 T C -1
0 0 32546 6 145799409 145887430 1 145735340 G C -1
0 0 3297 7 101232092 101238820 -1 101252814 C T 1
0 0 330 7 151341772 151378449 1 151381649 A G 1
0 0 33122 7 65840055 65842396 1 65898684 T A 1
0 0 3324 7 43608456 43729717 -1 43626209 A G -1
0 0 3324 7 43608456 43729717 -1 43649023 G A -1
0 0 33316 13 19345049 19346749 1 19345144 G A 1
0 0 336 5 141958328 141990292 1 141969143 C T -1
0 0 336 5 141958328 141990292 1 142001163 C T -1
0 0 3376 9 5629025 5776557 1 5651082 A G 1
0 0 3376 9 5629025 5776557 1 5820878 C T -1
0 0 3376 9 5629025 5776557 1 5833337 G A 1
0 0 33789 6 32741391 32747198 1 32659590 T C 1
0 0 33789 6 32741391 32747198 1 32659602 T C 1
0 0 33789 6 32741391 32747198 1 32659996 A G 1
0 0 33789 6 32741391 32747198 1 32668369 T C 1
0 0 338 12 31073860 31104799 1 31073506 A G 1
0 0 338 12 31073860 31104799 1 31073901 T A 1
0 0 338 12 31073860 31104799 1 31074527 C G 1
0 0 338 12 31073860 31104799 1 31074546 G T 1
0 0 34008 2 186032884 186486005 -1 186017557 T C -1
0 0 34008 2 186032884 186486005 -1 186079206 C A -1
0 0 34008 2 186032884 186486005 -1 186256013 C T -1
0 0 34008 2 186032884 186486005 -1 186311320 G A -1
0 0 34021 1 40669089 40687588 -1 40764542 G A -1
0 0 3414 10 98410939 98446963 -1 98404814 C T 1
0 0 34148 17 46511508 46556910 1 46026250 C T 1
0 0 34148 17 46511508 46556910 1 46026459 T C 1
0 0 34148 17 46511508 46556910 1 46026460 G A 1
0 0 34148 17 46511508 46556910 1 46035377 C A 1
0 0 34148 17 46511508 46556910 1 46144236 G C 1
0 0 34148 17 46511508 46556910 1 46145877 G A 1
0 0 34148 17 46511508 46556910 1 46146021 T C 1
0 0 34148 17 46511508 46556910 1 46156067 G C 1
0 0 34148 17 46511508 46556910 1 46156223 T C 1
0 0 34148 17 46511508 46556910 1 46156410 T C 1
0 0 34148 17 46511508 46556910 1 46192693 A T 1
0 0 34148 17 46511508 46556910 1 46192927 G T 1
0 0 34148 17 46511508 46556910 1 46193786 G A 1
0 0 34148 17 46511508 46556910 1 46267090 T C 1
0 0 34148 17 46511508 46556910 1 46267444 T G 1
0 0 34148 17 46511508 46556910 1 46267622 C G 1
0 0 34199 1 2549920 2557031 -1 2548544 A G 1
0 0 34547 3 136835345 136862618 -1 136861682 A C -1
0 0 34547 3 136835345 136862618 -1 136885855 T C -1
0 0 34547 3 136835345 136862618 -1 136926045 G A -1
0 0 34547 3 136835345 136862618 -1 136928404 A G -1
0 0 3460 10 27168135 27243046 -1 27068235 A G -1
0 0 3460 10 27168135 27243046 -1 27100619 C T 1
0 0 34892 6 32844136 32859851 1 32874707 C T 1
0 0 34978 10 18513115 18545651 -1 18651228 C A 1
0 0 3510 17 58692573 58735611 1 58702417 G A 1
0 0 35376 7 66114604 66154568 1 66377141 G A -1
0 0 35376 7 66114604 66154568 1 66523623 T C -1
0 0 35376 7 66114604 66154568 1 66558025 A G 1
0 0 35376 7 66114604 66154568 1 66592017 A G 1
0 0 3542 17 5359668 5420164 -1 5411037 A C -1
0 0 3551 17 63819433 63830012 -1 63742600 G A 1
0 0 3551 17 63819433 63830012 -1 63774125 C A 1
0 0 3551 17 63819433 63830012 -1 63827186 A G 1
0 0 3551 17 63819433 63830012 -1 63827368 G A 1
0 0 3551 17 63819433 63830012 -1 63835032 C T 1
0 0 3551 17 63819433 63830012 -1 63843531 C G 1
0 0 35575 3 157163452 157169133 1 157166878 C G -1
0 0 3558 17 31860904 31901708 -1 31858873 A G 1
0 0 35892 18 63907958 63936111 1 63880056 A T 1
0 0 35892 18 63907958 63936111 1 63896472 C T 1
0 0 36195 7 135662496 135693418 1 135558225 T G -1
0 0 36195 7 135662496 135693418 1 135558492 T C -1
0 0 3649 4 102501330 102617302 1 102574375 G A -1
0 0 3652 4 102794383 102868896 -1 102780603 G A -1
0 0 3652 4 102794383 102868896 -1 102780620 T C -1
0 0 3652 4 102794383 102868896 -1 102790277 C T -1
0 0 3652 4 102794383 102868896 -1 102827640 A G -1
0 0 3652 4 102794383 102868896 -1 102828287 G A -1
0 0 3652 4 102794383 102868896 -1 102849637 G C -1
0 0 3678 4 9771153 10054936 -1 10018940 G A -1
0 0 3678 4 9771153 10054936 -1 9952381 T C 1
0 0 3678 4 9771153 10054936 -1 9971255 T C 1
0 0 3685 4 26857601 27025381 1 26879017 T C 1
0 0 3685 4 26857601 27025381 1 27019072 T C 1
0 0 3685 4 26857601 27025381 1 27027551 T C 1
0 0 36852 12 31019434 31073847 -1 31073506 A G 1
0 0 36852 12 31019434 31073847 -1 31073901 T A 1
0 0 36852 12 31019434 31073847 -1 31074527 C G 1
0 0 36852 12 31019434 31073847 -1 31074546 G T 1
0 0 36870 15 40686183 40695107 -1 40590118 A G -1
0 0 36929 4 102827611 102844099 1 102780661 C T 1
0 0 36929 4 102827611 102844099 1 102789773 G A 1
0 0 36929 4 102827611 102844099 1 102790277 C T 1
0 0 36929 4 102827611 102844099 1 102809336 T G 1
0 0 36929 4 102827611 102844099 1 102851095 A G 1
0 0 36929 4 102827611 102844099 1 102869029 G T 1
0 0 36929 4 102827611 102844099 1 102881422 A G 1
0 0 37035 5 43571594 43603230 -1 43627067 T C -1
0 0 37035 5 43571594 43603230 -1 43637601 T C -1
0 0 37035 5 43571594 43603230 -1 43649804 G A -1
0 0 3732 11 126269024 126278131 1 126216873 T C 1
0 0 37916 4 17586267 17614585 -1 17595926 A G -1
0 0 38016 4 39133913 39135608 1 39118353 C T 1
0 0 3818 12 109448655 109477359 -1 109460992 A G 1
0 0 3818 12 109448655 109477359 -1 109461027 G A 1
0 0 3818 12 109448655 109477359 -1 109476997 C A 1
0 0 3818 12 109448655 109477359 -1 109597778 C T 1
0 0 38669 4 146214515 146232267 1 146175842 G A 1
0 0 38669 4 146214515 146232267 1 146176141 T C 1
0 0 38669 4 146214515 146232267 1 146192807 T C 1
0 0 38669 4 146214515 146232267 1 146195242 A G 1
0 0 3883 12 123602077 123620943 1 123601981 A G -1
0 0 3901 12 70243002 70354993 1 70068881 A C 1
0 0 3938 12 22448583 22544546 -1 22485034 G A 1
0 0 3938 12 22448583 22544546 -1 22529747 G T 1
0 0 3946 12 120461672 120495946 -1 120469468 G T 1
0 0 3946 12 120461672 120495946 -1 120486540 C T 1
0 0 3961 6 87322583 87399749 1 87197198 A G -1
0 0 3961 6 87322583 87399749 1 87243961 C T 1
0 0 3961 6 87322583 87399749 1 87333842 T C 1
0 0 3961 6 87322583 87399749 1 87333922 G A -1
0 0 4002 6 89642498 89819794 -1 89611826 C T -1
0 0 4012 6 57186992 57222307 -1 57046776 A G 1
0 0 4030 6 24494867 24537207 1 24494822 C G -1
0 0 4031 6 106360717 106572017 1 106534837 G A -1
0 0 40539 5 138744434 138753309 -1 138763332 C G -1
0 0 40539 5 138744434 138753309 -1 138775013 A G -1
0 0 40539 5 138744434 138753309 -1 138936560 T C 1
0 0 40829 8 91059318 91070583 -1 91099705 T C 1
0 0 40829 8 91059318 91070583 -1 91115384 T C 1
0 0 4093 6 80003887 80042527 1 80029449 C G -1
0 0 4114 5 6713432 6757044 1 6729582 C T 1
0 0 4114 5 6713432 6757044 1 6730831 A T 1
0 0 4132 5 140639435 140645408 1 140285235 T C 1
0 0 41567 10 28522652 28533066 -1 28532515 G A 1
0 0 41567 10 28522652 28533066 -1 28678252 C A 1
0 0 41878 3 10115675 10127190 1 10002942 T C -1
0 0 41878 3 10115675 10127190 1 10026110 A G -1
0 0 41878 3 10115675 10127190 1 9987621 T C -1
0 0 42162 11 66244717 66257595 -1 66258208 G A 1
0 0 42162 11 66244717 66257595 -1 66277873 G C 1
0 0 42212 12 11091287 11092313 -1 11136395 T A -1
0 0 4224 3 53867066 53882152 -1 53881910 T A -1
0 0 42484 12 10995961 10998304 -1 11171764 T C -1
0 0 42484 12 10995961 10998304 -1 11171802 C G -1
0 0 42484 12 10995961 10998304 -1 11171960 C G -1
0 0 42484 12 10995961 10998304 -1 11179986 A C 1
0 0 42599 12 123363868 123366113 1 123364504 A C 1
0 0 42599 12 123363868 123366113 1 123365227 C A 1
0 0 4297 3 47282917 47346816 1 47513652 C A 1
0 0 43155 12 47706058 47742294 1 47637280 A G 1
0 0 4316 3 40309707 40312424 1 40457691 C T -1
0 0 43184 12 75483454 75489820 -1 75472588 A G -1
0 0 4370 2 27427790 27442259 1 27442494 C G -1
0 0 43870 14 75004719 75008481 -1 75002852 A G -1
0 0 4408 2 189441446 189475552 1 189465922 G A -1
0 0 4418 2 98608579 98618515 1 98547697 A G 1
0 0 44236 14 73787355 73803300 1 73797256 A G 1
0 0 44236 14 73787355 73803300 1 73798130 C G 1
0 0 44488 15 99805793 99916818 1 99843767 T C 1
0 0 44633 15 40488041 40558019 1 40553398 A G -1
0 0 4467 2 9843443 9934416 1 9843575 A G 1
0 0 4467 2 9843443 9934416 1 9843831 C T 1
0 0 4467 2 9843443 9934416 1 9844286 G A 1
0 0 4467 2 9843443 9934416 1 9844700 T C 1
0 0 44738 15 51455268 51460582 1 51600457 G A -1
0 0 4479 2 135052289 135176667 1 135053621 G A -1
0 0 4484 2 135905881 135986100 -1 135937335 T C 1
0 0 4484 2 135905881 135986100 -1 135985573 G C 1
0 0 4521 2 73385758 73625166 1 73386430 C G 1
0 0 4521 2 73385758 73625166 1 73386661 C G 1
0 0 4536 1 3812086 3857396 -1 3857985 C T -1
0 0 4586 1 185296388 185317273 -1 185398710 T G 1
0 0 4586 1 185296388 185317273 -1 185398828 A G 1
0 0 45942 2 218255319 218257366 1 218284440 A G -1
0 0 45942 2 218255319 218257366 1 218287044 C T -1
0 0 46258 16 75379818 75381260 -1 75463009 T C 1
0 0 4636 1 236518000 236552981 1 236543071 A G 1
0 0 4636 1 236518000 236552981 1 236543125 G A 1
0 0 4636 1 236518000 236552981 1 236543167 C T 1
0 0 4706 1 46340789 46365152 1 46340721 T C -1
0 0 4706 1 46340789 46365152 1 46340757 A T -1
0 0 4706 1 46340789 46365152 1 46347947 G T -1
0 0 4706 1 46340789 46365152 1 46347991 C T -1
0 0 4706 1 46340789 46365152 1 46348336 C T -1
0 0 4706 1 46340789 46365152 1 46348420 T G -1
0 0 4706 1 46340789 46365152 1 46369796 A G -1
0 0 47091 17 18859354 18861466 -1 18858346 C A -1
0 0 47091 17 18859354 18861466 -1 18858441 T C -1
0 0 47091 17 18859354 18861466 -1 18900146 G A -1
0 0 471 15 64094123 64146090 1 64163157 G A 1
0 0 471 15 64094123 64146090 1 64429728 G T 1
0 0 4718 1 96721665 96823738 1 96674637 C T 1
0 0 476 8 41653220 41896741 -1 41577881 A T -1
0 0 476 8 41653220 41896741 -1 41578276 T G -1
0 0 47640 18 706523 707648 1 703442 G A 1
0 0 4810 6 134917393 134950115 -1 135003373 G A -1
0 0 4810 6 134917393 134950115 -1 135003396 C T -1
0 0 4810 6 134917393 134950115 -1 135008831 C T -1
0 0 4810 6 134917393 134950115 -1 135021431 C T -1
0 0 4810 6 134917393 134950115 -1 135054920 T C -1
0 0 4810 6 134917393 134950115 -1 135055071 T G -1
0 0 4818 4 17614641 17634105 1 17609037 A G 1
0 0 4818 4 17614641 17634105 1 17609334 G A 1
0 0 4818 4 17614641 17634105 1 17614119 T A 1
0 0 48519 19 32390050 32405560 -1 32405940 G A -1
0 0 488 6 49463370 49493107 1 49483474 G A 1
0 0 4899 9 100099243 100302175 1 100210054 C G -1
0 0 49149 19 24033401 24077377 1 24054792 T C 1
0 0 49212 19 48204071 48214751 1 48204144 G T 1
0 0 49249 19 57350848 57352012 -1 57406789 C G -1
0 0 49256 9 129170434 129170940 1 129103214 C T 1
0 0 49256 9 129170434 129170940 1 129140742 T C -1
0 0 4942 14 73949926 73963670 1 73950242 G C -1
0 0 4956 2 64524299 64593005 1 64533607 G A -1
0 0 4984 10 120851305 120909524 1 120851145 T C -1
0 0 4984 10 120851305 120909524 1 120886137 A G -1
0 0 4994 17 46029916 46225389 -1 45894091 G C 1
0 0 4994 17 46029916 46225389 -1 45894115 T C 1
0 0 4994 17 46029916 46225389 -1 45894238 C G 1
0 0 4994 17 46029916 46225389 -1 45949124 A C 1
0 0 4994 17 46029916 46225389 -1 46002673 T G 1
0 0 4994 17 46029916 46225389 -1 46003042 G C 1
0 0 4994 17 46029916 46225389 -1 46026250 C T 1
0 0 4994 17 46029916 46225389 -1 46026459 T C 1
0 0 4994 17 46029916 46225389 -1 46026460 G A 1
0 0 4994 17 46029916 46225389 -1 46035377 C A 1
0 0 4994 17 46029916 46225389 -1 46044551 C T 1
0 0 4994 17 46029916 46225389 -1 46122304 G A 1
0 0 4994 17 46029916 46225389 -1 46156223 T C 1
0 0 4994 17 46029916 46225389 -1 46156410 T C 1
0 0 4994 17 46029916 46225389 -1 46192693 A T 1
0 0 4994 17 46029916 46225389 -1 46193443 A G 1
0 0 4994 17 46029916 46225389 -1 46194064 A G 1
0 0 4994 17 46029916 46225389 -1 46267090 T C 1
0 0 50021 1 28239509 28241453 -1 28247532 T A 1
0 0 501 4 67612652 67701155 -1 67613670 G A -1
0 0 501 4 67612652 67701155 -1 67618376 G A -1
0 0 501 4 67612652 67701155 -1 67632620 A G -1
0 0 501 4 67612652 67701155 -1 67685197 A G -1
0 0 501 4 67612652 67701155 -1 67686018 C T -1
0 0 501 4 67612652 67701155 -1 67713975 G A -1
0 0 5024 5 140664868 140674124 1 140595881 A G -1
0 0 5024 5 140664868 140674124 1 140726393 C A -1
0 0 50481 10 35314552 35336401 -1 35434176 A T 1
0 0 50481 10 35314552 35336401 -1 35434501 T C 1
0 0 50481 10 35314552 35336401 -1 35434986 A G 1
0 0 50481 10 35314552 35336401 -1 35470659 A G 1
0 0 5051 10 27154824 27187953 1 27155399 C A 1
0 0 50614 1 35992109 36013630 -1 36099761 T C 1
0 0 50967 1 244969350 244971088 -1 244971381 T A 1
0 0 50979 6 31394289 31395495 -1 31186716 G A -1
0 0 50986 6 29751965 29752207 -1 29738047 T G 1
0 0 50986 6 29751965 29752207 -1 29752385 C A 1
0 0 50986 6 29751965 29752207 -1 29752544 T C 1
0 0 50986 6 29751965 29752207 -1 29752551 A G 1
0 0 50986 6 29751965 29752207 -1 29752703 T C 1
0 0 50986 6 29751965 29752207 -1 29760432 C A 1
0 0 50986 6 29751965 29752207 -1 29760466 G C 1
0 0 50986 6 29751965 29752207 -1 29760531 A T 1
0 0 50986 6 29751965 29752207 -1 29942306 A G 1
0 0 51034 8 33360839 33361415 -1 33433606 C T -1
0 0 51034 8 33360839 33361415 -1 33473169 A C -1
0 0 51034 8 33360839 33361415 -1 33485541 G A -1
0 0 51034 8 33360839 33361415 -1 33513838 T G -1
0 0 51127 6 31195200 31198037 -1 31178807 G T -1
0 0 51127 6 31195200 31198037 -1 31190407 T A -1
0 0 51127 6 31195200 31198037 -1 31197017 T C -1
0 0 51148 6 57855891 57856468 -1 57986642 C G -1
0 0 51305 7 66739829 66740642 -1 66430152 C T 1
0 0 51305 7 66739829 66740642 -1 66500390 A G 1
0 0 51305 7 66739829 66740642 -1 66558144 G T 1
0 0 51305 7 66739829 66740642 -1 66558962 G A 1
0 0 51305 7 66739829 66740642 -1 66664750 G A 1
0 0 51305 7 66739829 66740642 -1 66673091 T C 1
0 0 51305 7 66739829 66740642 -1 66682602 T C 1
0 0 51305 7 66739829 66740642 -1 66682759 C G -1
0 0 51305 7 66739829 66740642 -1 66732533 C T 1
0 0 51305 7 66739829 66740642 -1 66769651 A G 1
0 0 51305 7 66739829 66740642 -1 66902634 G A 1
0 0 51305 7 66739829 66740642 -1 66996763 C T 1
0 0 51369 7 135168403 135169547 1 135148304 C G 1
0 0 51369 7 135168403 135169547 1 135148481 G A 1
0 0 51369 7 135168403 135169547 1 135152778 G A 1
0 0 51369 7 135168403 135169547 1 135160680 G A 1
0 0 5144 12 21437615 21471250 1 21453193 G A -1
0 0 51446 2 86195154 86196644 1 86174600 A G 1
0 0 51476 1 120723945 120842229 1 120942758 T C -1
0 0 51574 22 19046162 19048375 -1 19118453 G T 1
0 0 52098 15 64950916 64951435 -1 64843341 T A -1
0 0 52098 15 64950916 64951435 -1 64884336 C T -1
0 0 5257 1 93179919 93278730 1 93179625 C T 1
0 0 5257 1 93179919 93278730 1 93180650 T C 1
0 0 52773 12 118428281 118428870 1 118313188 C T -1
0 0 52773 12 118428281 118428870 1 118338731 G C -1
0 0 52773 12 118428281 118428870 1 118372134 T C -1
0 0 52776 5 151769783 151771508 -1 151825298 C T -1
0 0 5278 7 33014130 33062796 -1 33063100 G C -1
0 0 5280 7 5898725 5926550 1 6349441 A G 1
0 0 5299 7 135092363 135170795 -1 135148304 C G 1
0 0 5299 7 135092363 135170795 -1 135170973 G C 1
0 0 5299 7 135092363 135170795 -1 135171547 C A 1
0 0 5299 7 135092363 135170795 -1 135171871 T C 1
0 0 53 3 49940007 50100045 1 50088563 G A 1
0 0 5307 10 71964395 72013558 1 71985718 C T -1
0 0 53162 13 97435946 97436168 1 97387204 T C 1
0 0 5333 8 86342547 86478420 1 86472440 C T 1
0 0 5333 8 86342547 86478420 1 86508665 C A 1
0 0 5350 5 65517766 65563168 -1 65555585 T C 1
0 0 5350 5 65517766 65563168 -1 65562860 G C 1
0 0 5350 5 65517766 65563168 -1 65624664 T C 1
0 0 53525 18 54268346 54270028 -1 54378271 A G -1
0 0 53525 18 54268346 54270028 -1 54378274 G A -1
0 0 53759 13 110916004 110917827 1 110914443 A G 1
0 0 53759 13 110916004 110917827 1 110915555 C T 1
0 0 53759 13 110916004 110917827 1 110915760 G A 1
0 0 5385 6 96889315 96897891 -1 96853183 C T -1
0 0 53999 17 36495636 36543435 -1 36486677 G A -1
0 0 53999 17 36495636 36543435 -1 36544987 C G -1
0 0 5410 4 121801318 121817021 1 121801213 G A 1
0 0 5425 2 222860942 222944639 1 222912995 C T -1
0 0 5472 20 49113339 49188367 -1 49166558 T C -1
0 0 5525 6 26383096 26394874 1 26199226 C T 1
0 0 5525 6 26383096 26394874 1 26223037 C A 1
0 0 5532 6 34757505 34773857 1 34792451 C T -1
0 0 5532 6 34757505 34773857 1 34792959 T C -1
0 0 5532 6 34757505 34773857 1 34810709 T G -1
0 0 5546 6 27374615 27403908 1 27388437 G A 1
0 0 5546 6 27374615 27403908 1 27389146 T G 1
0 0 55508 14 106762092 106762588 -1 106692280 T G -1
0 0 55668 7 32760279 32762924 1 32669288 C T 1
0 0 5573 6 8411435 8435561 -1 8435476 T C -1
0 0 5573 6 8411435 8435561 -1 8435699 T C -1
0 0 5573 6 8411435 8435561 -1 8435702 G T -1
0 0 5573 6 8411435 8435561 -1 8539635 A C -1
0 0 55838 14 106088122 106088573 -1 106068009 T A -1
0 0 57085 1 150045660 150067722 -1 150067621 A G -1
0 0 57085 1 150045660 150067722 -1 150151572 G T -1
0 0 57085 1 150045660 150067722 -1 150160432 T C -1
0 0 57798 19 41307397 41310412 -1 41319233 C T -1
0 0 58197 22 34756676 35002862 -1 35043802 C T -1
0 0 58197 22 34756676 35002862 -1 35064928 A C 1
0 0 58377 3 39425342 39448037 -1 39398696 G A -1
0 0 58377 3 39425342 39448037 -1 39406933 T C -1
0 0 58377 3 39425342 39448037 -1 39414742 A G -1
0 0 58377 3 39425342 39448037 -1 39414894 A T -1
0 0 58377 3 39425342 39448037 -1 39414910 C G -1
0 0 58377 3 39425342 39448037 -1 39415156 A G -1
0 0 58377 3 39425342 39448037 -1 39415437 T C -1
0 0 58377 3 39425342 39448037 -1 39417168 T C -1
0 0 58408 15 79894502 79896695 -1 79923255 G T 1
0 0 58733 22 19291969 19328901 1 19178484 G A -1
0 0 5900 7 150323263 150338156 1 150324193 C T 1
0 0 59617 6 145784406 145786559 -1 145565225 T G -1
0 0 59617 6 145784406 145786559 -1 145735712 T C 1
0 0 5977 22 20080221 20111877 1 20080980 G T 1
0 0 59825 1 161368022 161371964 1 161367719 A G -1
0 0 59825 1 161368022 161371964 1 161367814 G A -1
0 0 59958 6 31272240 31272590 1 31332917 A G 1
0 0 59958 6 31272240 31272590 1 31498138 G C -1
0 0 6014 17 20008865 20319026 1 20156511 C G 1
0 0 6014 17 20008865 20319026 1 20234396 C A -1
0 0 60159 17 48944890 48945763 1 48908231 A C -1
0 0 60159 17 48944890 48945763 1 48944908 C T -1
0 0 6020 7 118184144 118204035 1 118214417 C T -1
0 0 60543 1 45583238 45583933 -1 45751050 A G -1
0 0 607 23 14006726 14029893 -1 14039545 A G -1
0 0 6075 15 40405485 40435947 1 40382719 T C -1
0 0 6075 15 40405485 40435947 1 40382954 C A -1
0 0 6075 15 40405485 40435947 1 40383242 G T -1
0 0 6080 15 52547045 52569883 -1 52409462 C T -1
0 0 6080 15 52547045 52569883 -1 52420987 A G -1
0 0 6080 15 52547045 52569883 -1 52421269 C T -1
0 0 6080 15 52547045 52569883 -1 52421373 A G -1
0 0 6080 15 52547045 52569883 -1 52482071 A G -1
0 0 6087 3 134477706 134486716 -1 134542500 G T 1
0 0 6087 3 134477706 134486716 -1 134542595 T C 1
0 0 6087 3 134477706 134486716 -1 134542812 C T 1
0 0 613 5 113513694 113595285 1 113488071 T C 1
0 0 613 5 113513694 113595285 1 113508041 G T 1
0 0 613 5 113513694 113595285 1 113548500 C G 1
0 0 613 5 113513694 113595285 1 113548683 G A -1
0 0 6290 20 25673195 25696853 -1 25692700 C A -1
0 0 6429 17 42609641 42615238 1 42561996 C A -1
0 0 6432 17 42572310 42577831 -1 42554888 G A 1
0 0 6432 17 42572310 42577831 -1 42578807 G A 1
0 0 654 1 9234774 9271337 1 9235385 T C -1
0 0 6595 16 68310951 68360852 1 68311042 G C -1
0 0 6595 16 68310951 68360852 1 68529060 A G 1
0 0 6595 16 68310951 68360852 1 68529888 A C 1
0 0 6595 16 68310951 68360852 1 68530283 C T 1
0 0 6595 16 68310951 68360852 1 68530545 C T 1
0 0 6595 16 68310951 68360852 1 68540161 G T 1
0 0 6633 1 45583846 45618904 1 45621241 C T 1
0 0 6760 12 30628988 30695869 -1 30358269 C T 1
0 0 6761 5 146110566 146182696 -1 146079699 C T 1
0 0 6761 5 146110566 146182696 -1 146112667 G A 1
0 0 6847 18 10525905 10552764 1 10525521 G C -1
0 0 6904 11 47239302 47248906 -1 47225736 C T -1
0 0 6923 1 52056199 52090716 1 51973723 A T 1
0 0 6923 1 52056199 52090716 1 52002116 G T 1
0 0 6923 1 52056199 52090716 1 52033817 G A 1
0 0 6923 1 52056199 52090716 1 52142437 G C -1
0 0 6935 18 36777647 36829216 -1 36963497 G A -1
0 0 6935 18 36777647 36829216 -1 36964847 A G 1
0 0 6935 18 36777647 36829216 -1 36993005 G A -1
0 0 6935 18 36777647 36829216 -1 37006666 C T -1
0 0 6935 18 36777647 36829216 -1 37006693 G A -1
0 0 694 6 138403531 138422197 1 138394229 G C -1
0 0 694 6 138403531 138422197 1 138404692 G A -1
0 0 6957 13 102596958 102679958 1 102621115 C T 1
0 0 6957 13 102596958 102679958 1 102648234 G A 1
0 0 6957 13 102596958 102679958 1 102673564 G A 1
0 0 6957 13 102596958 102679958 1 102673648 C A 1
0 0 6957 13 102596958 102679958 1 102680739 G T 1
0 0 6959 13 110641412 110713603 -1 110689404 C T -1
0 0 699 10 97356358 97426076 -1 97400289 C T 1
0 0 7016 7 116210506 116258783 1 116224835 C A 1
0 0 7026 6 85449584 85495791 1 85425161 A T -1
0 0 7126 1 232950605 232983882 1 232924418 C T 1
0 0 7138 1 183023420 183145592 1 183105629 T C -1
0 0 7138 1 183023420 183145592 1 183105740 C T -1
0 0 7160 2 99400475 99490035 -1 99451607 T C 1
0 0 7160 2 99400475 99490035 -1 99478757 C T 1
0 0 7160 2 99400475 99490035 -1 99678966 C T -1
0 0 7166 2 108449107 108509415 1 108460994 C A -1
0 0 7166 2 108449107 108509415 1 108546031 T C -1
0 0 7166 2 108449107 108509415 1 108555426 C T -1
0 0 7166 2 108449107 108509415 1 108580307 T G -1
0 0 7166 2 108449107 108509415 1 108581292 C T -1
0 0 7167 2 105038069 105099960 1 105057223 A G -1
0 0 7167 2 105038069 105099960 1 105057589 G T -1
0 0 7167 2 105038069 105099960 1 105064593 A C -1
0 0 7167 2 105038069 105099960 1 105064683 G A -1
0 0 7167 2 105038069 105099960 1 105086900 G A -1
0 0 7167 2 105038069 105099960 1 105087299 T G -1
0 0 7167 2 105038069 105099960 1 105087535 A G -1
0 0 7170 2 97113153 97264521 1 97590790 G A 1
0 0 7191 13 52455429 52476628 1 52600413 G C 1
0 0 7191 13 52455429 52476628 1 52623733 T C 1
0 0 7220 7 6374527 6403967 1 6381963 A G -1
0 0 7220 7 6374527 6403967 1 6447525 T C 1
0 0 7224 7 6577434 6589374 1 6348513 C T 1
0 0 7224 7 6577434 6589374 1 6349276 G A 1
0 0 7224 7 6577434 6589374 1 6349441 A G 1
0 0 7224 7 6577434 6589374 1 6410336 T G 1
0 0 7224 7 6577434 6589374 1 6424423 C A 1
0 0 7224 7 6577434 6589374 1 6436186 T C 1
0 0 7224 7 6577434 6589374 1 6436473 G A 1
0 0 7224 7 6577434 6589374 1 6460527 C A 1
0 0 7224 7 6577434 6589374 1 6526903 G A 1
0 0 7224 7 6577434 6589374 1 6615272 G A 1
0 0 724 1 243256034 243500091 1 243193477 A G 1
0 0 724 1 243256034 243500091 1 243269839 C G 1
0 0 7245 15 78759206 78811464 -1 78751459 T C -1
0 0 7264 17 61679139 61863559 -1 61816136 T C 1
0 0 7316 9 129827290 129835863 -1 129834620 G A -1
0 0 738 14 87837820 87993665 -1 87940661 A G 1
0 0 738 14 87837820 87993665 -1 87952385 T C -1
0 0 738 14 87837820 87993665 -1 87971424 A C -1
0 0 738 14 87837820 87993665 -1 87992806 C T -1
0 0 738 14 87837820 87993665 -1 87992936 C A -1
0 0 738 14 87837820 87993665 -1 88005635 A G -1
0 0 7428 6 31158331 31167159 1 31178563 C T 1
0 0 7428 6 31158331 31167159 1 31178700 T C -1
0 0 7428 6 31158331 31167159 1 31178736 A G -1
0 0 7428 6 31158331 31167159 1 31180829 C T -1
0 0 7552 1 75202129 75611114 -1 75373613 C G -1
0 0 7565 2 55634061 55693863 -1 55618461 C G -1
0 0 7651 3 101324205 101513241 -1 101609970 G A 1
0 0 7659 15 51829628 51947295 1 51862078 C A 1
0 0 7659 15 51829628 51947295 1 51935744 T C 1
0 0 7695 4 119494397 119628804 -1 119402161 C T -1
0 0 7695 4 119494397 119628804 -1 119454234 C G -1
0 0 7695 4 119494397 119628804 -1 119454309 G A -1
0 0 7695 4 119494397 119628804 -1 119454572 G A -1
0 0 7695 4 119494397 119628804 -1 119454627 C T -1
0 0 7695 4 119494397 119628804 -1 119454675 C T -1
0 0 7695 4 119494397 119628804 -1 119454676 A C -1
0 0 7695 4 119494397 119628804 -1 119454825 G A -1
0 0 7695 4 119494397 119628804 -1 119463031 C T -1
0 0 7695 4 119494397 119628804 -1 119463039 C G -1
0 0 7695 4 119494397 119628804 -1 119470103 A G -1
0 0 7695 4 119494397 119628804 -1 119471288 G A -1
0 0 7695 4 119494397 119628804 -1 119478751 A G -1
0 0 7695 4 119494397 119628804 -1 119488808 T C -1
0 0 7695 4 119494397 119628804 -1 119489452 A C -1
0 0 7695 4 119494397 119628804 -1 119557541 T G -1
0 0 7698 4 75913660 75941013 -1 75940706 C T 1
0 0 7698 4 75913660 75941013 -1 76035375 A G -1
0 0 7698 4 75913660 75941013 -1 76059010 G T -1
0 0 7698 4 75913660 75941013 -1 76059026 T C -1
0 0 7699 4 76107562 76148485 -1 76113183 A G 1
0 0 7699 4 76107562 76148485 -1 76113308 G C 1
0 0 7699 4 76107562 76148485 -1 76147943 G A 1
0 0 7715 4 105682627 105895986 -1 105726209 C T -1
0 0 7715 4 105682627 105895986 -1 105835720 T C -1
0 0 7715 4 105682627 105895986 -1 105836899 T C -1
0 0 7897 14 100333790 100376805 -1 100337027 A G -1
0 0 7900 15 22838644 22869362 1 22840743 A C -1
0 0 7916 15 59638062 59657541 -1 59687994 C T 1
0 0 7916 15 59638062 59657541 -1 59688134 A T 1
0 0 7916 15 59638062 59657541 -1 59689520 C T 1
0 0 7916 15 59638062 59657541 -1 59689586 T C 1
0 0 7934 15 75355207 75368612 -1 75579285 A G 1
0 0 8033 17 17246616 17281273 -1 17281431 C G -1
0 0 8038 16 69131291 69231130 1 69205112 C T -1
0 0 8038 16 69131291 69231130 1 69339991 T A -1
0 0 8111 17 82752042 82945914 1 82914582 T C -1
0 0 8125 18 49036387 49461347 -1 49401345 C G 1
0 0 8136 17 41825057 41836260 -1 41835736 G A -1
0 0 8136 17 41825057 41836260 -1 41836371 T G -1
0 0 8311 1 166975582 167022214 1 166875885 C G 1
0 0 8371 1 150809713 150876708 -1 150771016 T C 1
0 0 8371 1 150809713 150876708 -1 150974014 G A 1
0 0 8435 1 224356858 224379459 1 224356827 A G 1
0 0 8435 1 224356858 224379459 1 224457183 G A -1
0 0 8495 2 120240064 120294710 1 120223125 A G -1
0 0 8628 3 51385291 51389397 1 51671946 G A 1
0 0 8628 3 51385291 51389397 1 51672163 C G 1
0 0 8632 3 121835183 121886526 1 121794772 G T 1
0 0 8632 3 121835183 121886526 1 121809539 G A 1
0 0 8645 4 67468762 67545503 -1 67443848 T C -1
0 0 8645 4 67468762 67545503 -1 67443928 T C -1
0 0 8645 4 67468762 67545503 -1 67451186 A T -1
0 0 8645 4 67468762 67545503 -1 67466504 G C -1
0 0 8645 4 67468762 67545503 -1 67513200 T C -1
0 0 8645 4 67468762 67545503 -1 67521643 C T -1
0 0 8661 4 106041599 106316683 -1 106104340 T G 1
0 0 8661 4 106041599 106316683 -1 106256039 A T 1
0 0 8661 4 106041599 106316683 -1 106315711 A G 1
0 0 8709 5 103120149 103212799 1 103013958 A C 1
0 0 8709 5 103120149 103212799 1 103014266 G C 1
0 0 8709 5 103120149 103212799 1 103211601 C T 1
0 0 8724 5 144158162 144170714 -1 144157883 T C -1
0 0 8724 5 144158162 144170714 -1 144192412 T C -1
0 0 8795 6 78867551 78946440 1 78873720 C A 1
0 0 8795 6 78867551 78946440 1 79076928 A C 1
0 0 8816 6 132769370 132813339 -1 132820656 C G -1
0 0 8816 6 132769370 132813339 -1 132865846 C T -1
0 0 8825 6 159725585 159756319 1 159762350 C T 1
0 0 8849 7 76048051 76067508 1 76048260 G T 1
0 0 895 1 111754832 111775602 1 111769496 G A 1
0 0 9062 9 136440096 136483759 -1 136483046 G C -1
0 0 9136 11 34853094 34916379 -1 34908313 A G -1
0 0 9136 11 34853094 34916379 -1 34908638 C T -1
0 0 9136 11 34853094 34916379 -1 34915591 T C -1
0 0 9136 11 34853094 34916379 -1 34915783 G T -1
0 0 9136 11 34853094 34916379 -1 34915816 C T -1
0 0 9136 11 34853094 34916379 -1 34915869 G A -1
0 0 9136 11 34853094 34916379 -1 34915939 G C -1
0 0 9136 11 34853094 34916379 -1 34916354 A G -1
0 0 9136 11 34853094 34916379 -1 34916722 C T -1
0 0 9136 11 34853094 34916379 -1 34916763 T C -1
0 0 9136 11 34853094 34916379 -1 34916909 A G -1
0 0 9136 11 34853094 34916379 -1 34917004 A G -1
0 0 9344 12 110501655 110533556 1 110578482 C T 1
0 0 9344 12 110501655 110533556 1 110582374 T C 1
0 0 9344 12 110501655 110533556 1 110688831 A G 1
0 0 9344 12 110501655 110533556 1 110718203 C T 1
0 0 9380 4 128864921 129093600 -1 129046627 G C 1
0 0 9416 2 9488486 9556732 -1 9474089 G T -1
0 0 9416 2 9488486 9556732 -1 9538119 A G -1
0 0 9416 2 9488486 9556732 -1 9551141 G C -1
0 0 9416 2 9488486 9556732 -1 9551257 G A -1
0 0 9416 2 9488486 9556732 -1 9551265 C T -1
0 0 9416 2 9488486 9556732 -1 9555759 G T -1
0 0 9502 11 107326360 107457825 -1 107430784 G C -1
0 0 961 1 40691648 40771603 1 40699407 C A 1
0 0 9642 2 88691673 88750929 1 88692377 G T -1
0 0 9642 2 88691673 88750929 1 88724174 C T -1
0 0 9642 2 88691673 88750929 1 88733564 G C -1
0 0 9642 2 88691673 88750929 1 88754087 A G -1
0 0 9642 2 88691673 88750929 1 88754532 G C -1
0 0 9642 2 88691673 88750929 1 88754665 G T -1
0 0 9642 2 88691673 88750929 1 88754869 T C -1
0 0 9642 2 88691673 88750929 1 88765397 A C -1
0 0 9642 2 88691673 88750929 1 88765603 A G -1
0 0 9642 2 88691673 88750929 1 88796036 G T -1
0 0 9808 6 109492855 109691217 -1 109526846 A G -1
0 0 9887 6 151398898 151452158 -1 151423148 G A -1
0 0 9887 6 151398898 151452158 -1 151446772 A G -1
0 0 9887 6 151398898 151452158 -1 151465042 G A -1
0 0 990 15 71822291 72118577 -1 72155985 G T -1
0 0 9907 14 73931501 73950414 -1 73886623 C T 1
0 0 9949 14 103912288 103928269 -1 103921312 G A -1
0 0 9965 6 73489308 73525587 -1 73523931 G A 1
0 0 9992 8 123416726 123470028 1 123434829 T C -1
0 0 9992 8 123416726 123470028 1 123434829 T C 1
0 0 9992 8 123416726 123470028 1 123447870 A G 1
1 0 10234 1 161118086 161125445 1 161118210 G A 1
1 0 10282 17 48892765 48895871 1 48892897 T C 1
1 0 10425 21 44215382 44241446 -1 44207698 A T 1
1 0 10430 21 44885953 44931989 -1 44908184 T C -1
1 0 10525 8 144423601 144428563 -1 144428520 G C 1
1 0 10643 16 2460086 2464963 1 2460602 C T 1
1 0 10855 2 55172547 55232563 -1 55232237 T G 1
1 0 1109 17 2384073 2401104 -1 2392720 T C -1
1 0 11218 4 121667946 121696995 -1 121696338 T C -1
1 0 11285 4 184627696 184650062 -1 184649521 G C -1
1 0 11325 6 139240061 139291998 -1 139270754 T C 1
1 0 11333 6 130366017 130443067 1 130260408 A G -1
1 0 11442 5 126531200 126595362 -1 126595330 T G 1
1 0 11472 9 90801787 90898549 1 90801885 C T 1
1 0 11558 14 34709113 34714823 -1 34715040 T C 1
1 0 11613 10 75210154 75231448 1 75210855 G C -1
1 0 11892 17 35243071 35273655 1 35244527 G A 1
1 0 11900 11 57645087 57649944 -1 57646470 C G 1
1 0 11902 11 18412318 18452063 1 18412342 A C 1
1 0 11942 20 44885702 44908532 1 44959834 T G -1
1 0 11953 15 66293217 66333898 1 66293569 C A 1
1 0 11970 15 43746394 43773279 1 43638408 A C 1
1 0 11992 17 50426158 50474845 1 50426058 G A -1
1 0 12071 16 88651935 88663161 -1 88651945 C T -1
1 0 12142 17 2303383 2325260 1 2304032 G A -1
1 0 12176 19 12796820 12801800 -1 12766150 G C 1
1 0 12191 17 78130770 78142968 1 78132305 G C -1
1 0 12204 16 2204248 2209453 1 2205762 A C 1
1 0 12204 16 2204248 2209453 1 2206460 C G 1
1 0 12501 7 23597382 23644708 1 23595366 G A 1
1 0 12777 10 129467190 129770983 1 129467281 C T -1
1 0 129 17 50543058 50555852 1 50547162 A C -1
1 0 13139 1 121184811 121392874 1 121184715 A G -1
1 0 13186 1 152796721 152798181 1 152786180 C A 1
1 0 13336 11 65787063 65797214 1 65791795 A G -1
1 0 13386 9 114850968 115402644 1 115211759 T A 1
1 0 13408 3 122577628 122639047 1 122627023 C T -1
1 0 13590 4 1617915 1684313 -1 1684252 T G -1
1 0 13795 19 867630 893218 -1 893183 C T -1
1 0 13893 1 1373730 1375207 -1 1374801 A G 1
1 0 14112 18 657653 673578 1 658423 A G -1
1 0 14132 3 195720884 195741123 1 195657629 C G -1
1 0 14228 12 630858 664196 1 630843 C G -1
1 0 14292 11 826144 831991 1 827713 A T 1
1 0 14513 17 8247618 8270491 1 8247860 G A 1
1 0 14548 11 18704312 18726230 -1 18707103 T C 1
1 0 14607 6 32659467 32668383 -1 32689801 T C -1
1 0 14894 2 241734602 241768816 1 241734689 A G -1
1 0 1501 7 135361795 135510145 -1 135368886 C T -1
1 0 15047 2 231508420 231514396 -1 231514081 C T -1
1 0 15117 17 79730943 79742219 1 79733322 G A 1
1 0 15314 19 52860851 52897693 -1 52897507 C A -1
1 0 15377 21 44849585 44873903 -1 44872823 T C 1
1 0 15801 20 3107573 3160196 -1 3152182 T G 1
1 0 15942 22 19432545 19436075 1 19432783 C G -1
1 0 16084 19 3630183 3700468 -1 3688526 C T 1
1 0 16105 13 27620742 27744237 1 27621358 C T -1
1 0 16119 1 152786214 152788426 1 152786180 C A 1
1 0 16131 1 179082070 179098023 1 179082871 G T 1
1 0 16536 2 234493041 234497081 -1 234290943 G A 1
1 0 16578 10 45825594 45853875 -1 45419324 G A 1
1 0 16599 19 9323772 9351162 1 9324196 C T -1
1 0 1675 1 46188683 46220305 -1 46198577 A G 1
1 0 16750 16 11359845 11527247 -1 11495905 A C -1
1 0 16850 22 42508344 42519796 -1 42519473 G A -1
1 0 16924 11 111290787 111305498 -1 111346623 G A 1
1 0 17124 5 151212150 151270440 1 151239432 C T 1
1 0 17233 14 100291116 100306547 -1 100306335 G C 1
1 0 17270 5 179862066 179907897 -1 179908060 A G 1
1 0 17426 12 56041351 56044697 1 56042145 C G -1
1 0 17446 1 1512162 1534685 1 1511945 G A -1
1 0 17855 16 88809339 88811937 -1 88811768 C A 1
1 0 1975 20 62816244 62841159 1 62616861 G A 1
1 0 1975 20 62816244 62841159 1 62837971 C T 1
1 0 1988 22 19479457 19520612 1 19480129 T C 1
1 0 19909 2 74918148 74938418 1 74958729 G T 1
1 0 19947 19 43967862 43998326 1 43984200 G A -1
1 0 2065 19 18058995 18098944 -1 18086934 T A -1
1 0 2112 19 617221 633537 -1 633381 A G -1
1 0 21427 7 38353715 38354517 -1 38363342 G A 1
1 0 21428 7 38358512 38359162 -1 38359180 G T -1
1 0 2248 22 43166622 43187134 -1 43187592 T C -1
1 0 23100 1 161037631 161038977 -1 161038745 C G 1
1 0 2342 14 77505997 77616637 -1 77557176 C G -1
1 0 2443 20 58985686 59008238 -1 59004895 A G -1
1 0 24559 23 1732584 1763212 1 1662011 A G -1
1 0 24571 6 32659880 32660729 1 32668369 T C -1
1 0 25459 17 81239305 81241310 1 81239762 T C -1
1 0 2551 18 12991362 13125052 1 12991394 T C -1
1 0 25588 1 6234692 6239444 1 6236178 T G -1
1 0 2742 16 70687439 70801160 -1 70794366 C T 1
1 0 27704 19 1275530 1279244 1 1275988 C G 1
1 0 2774 16 16232506 16300806 1 16232314 G A -1
1 0 28319 2 214810181 214963575 1 214809647 C T 1
1 0 2846 15 78921058 78949574 -1 78939274 A G 1
1 0 2850 15 80152490 80186946 1 80152950 G C 1
1 0 28861 10 80046860 80078912 -1 80078900 A C 1
1 0 2900 8 98189826 98294393 -1 98293311 A T -1
1 0 29381 2 74940258 74942670 1 74958729 G T 1
1 0 2942 8 614746 738106 -1 650729 A G 1
1 0 29802 6 33272075 33276511 1 33272092 C T -1
1 0 29913 1 101323337 101390303 1 101371523 G T -1
1 0 3002 19 2977538 2995179 1 2977601 C G -1
1 0 3005 19 3052910 3063107 -1 3062859 T C -1
1 0 30549 15 32593456 32607310 1 32615183 A G -1
1 0 3057 19 36113709 36115213 -1 36114892 C T -1
1 0 3071 8 141117278 141195808 1 141182443 G A -1
1 0 3097 19 5158495 5340812 -1 5293037 C T 1
1 0 31310 23 23772992 23782956 -1 23773407 C T 1
1 0 31507 6 135301568 135307158 1 135497759 C A -1
1 0 31554 9 122403407 122639685 1 122406599 C T 1
1 0 31862 23 1767347 1768776 1 1662011 A G -1
1 0 3252 7 30424527 30478784 -1 30446383 A C 1
1 0 32902 2 74919555 74924846 -1 74958729 G T 1
1 0 330 7 151341772 151378449 1 151336542 T C 1
1 0 3308 7 130486171 130506465 1 130476747 A G -1
1 0 33384 11 64325050 64340154 -1 64340005 T C 1
1 0 33498 20 63038011 63053863 1 63010496 G A -1
1 0 3354 9 98120975 98192637 -1 98192147 G A 1
1 0 350 4 41990502 42090461 1 41990735 G C -1
1 0 3556 17 78168581 78173527 1 78169023 G A -1
1 0 3571 17 42101404 42112714 -1 42112643 C G -1
1 0 36073 7 19918981 20140453 -1 20239019 G T -1
1 0 36815 5 180830326 180839742 1 180831916 T C 1
1 0 3685 4 26857601 27025381 1 26884674 C T -1
1 0 36896 11 78139756 78175323 1 78139778 C T -1
1 0 36904 8 102239386 102253750 1 102239769 G A 1
1 0 3775 11 44065925 44084237 1 44066439 G T 1
1 0 37817 4 53659208 53737156 1 53696118 C A -1
1 0 3786 11 2295628 2303049 -1 2301968 C G -1
1 0 3786 11 2295628 2303049 -1 2301990 G A -1
1 0 3845 12 10604193 10613609 -1 10612901 C T -1
1 0 38593 2 46490750 46542577 -1 46541996 T C -1
1 0 39064 3 130081831 130113227 1 130095661 T G -1
1 0 402 11 94415570 94493885 -1 94493786 C T 1
1 0 41718 8 143620586 143633756 -1 143617254 G C -1
1 0 4180 5 1050384 1112063 -1 1104823 C T -1
1 0 41922 8 143573490 143577397 1 143578375 A G -1
1 0 42024 11 44071462 44072403 1 44066439 G T 1
1 0 43028 12 29277955 29317848 -1 29338595 A G 1
1 0 43834 14 76959636 76965802 1 76959734 G T -1
1 0 4401 2 74958643 74970128 1 74958729 G T 1
1 0 44179 14 22556640 22559068 1 22557546 G A 1
1 0 44236 14 73787355 73803300 1 73787509 G A 1
1 0 44665 15 52179999 52206915 1 52180454 T G 1
1 0 44770 15 90839641 90853608 1 90839685 G A -1
1 0 448 20 44942130 44960397 -1 44960400 G A -1
1 0 4521 2 73385758 73625166 1 73386213 G A 1
1 0 45286 12 9347056 9400387 1 9362151 G A 1
1 0 45491 22 46761893 46762564 -1 46762547 T C -1
1 0 45533 15 66314914 66331703 -1 66293569 C A 1
1 0 4620 1 117060326 117107453 1 117060566 G T -1
1 0 46842 18 5237826 5290608 1 5237824 G A 1
1 0 46842 18 5237826 5290608 1 5238209 C T 1
1 0 4770 11 119015712 119018691 -1 119018668 G A 1
1 0 48198 17 75587800 75626849 1 75588360 G C 1
1 0 4824 18 3261479 3278461 1 3261901 A G 1
1 0 48290 19 43996896 44003298 -1 43984200 G A -1
1 0 48950 19 45641494 45642840 1 45641767 G T -1
1 0 4897 9 125437393 125707234 -1 125650397 G A -1
1 0 4944 2 46541806 46584688 1 46541996 T C -1
1 0 4954 2 33532744 33599347 -1 33530930 T C -1
1 0 49607 19 52650447 52690496 -1 52690517 A G -1
1 0 49772 1 160997957 161038962 -1 161038745 C G 1
1 0 5055 10 19816239 20289856 1 19947802 A G -1
1 0 50647 17 64449037 64468643 1 64448998 C T -1
1 0 50748 14 101948309 101949568 1 101948430 G A 1
1 0 50998 20 63009383 63085071 1 63010496 G A -1
1 0 51108 6 708592 711460 -1 711150 A C 1
1 0 51435 9 4676600 4679537 -1 4679078 C G 1
1 0 5216 13 27424619 27435823 1 27424632 T C 1
1 0 5451 20 45416084 45456934 1 44959834 T G -1
1 0 5561 6 43011143 43016868 -1 43013895 C A 1
1 0 5638 17 75109952 75130272 1 75114184 C T -1
1 0 5682 19 6583183 6604103 -1 6604007 G C -1
1 0 5683 19 6677704 6730562 -1 6722011 G T 1
1 0 5686 19 6729914 6737580 -1 6737228 T C -1
1 0 57650 21 29063446 29064368 1 29073627 G A 1
1 0 57996 5 1345197 1350786 1 1345359 A G -1
1 0 58738 2 131647990 131767404 1 131682500 G C 1
1 0 5874 9 92844182 92878038 -1 92877889 C T 1
1 0 58836 2 73823154 73824593 -1 73828835 A G 1
1 0 5912 19 14732392 14778560 -1 14381453 T C 1
1 0 5928 16 788046 800737 1 740409 T C 1
1 0 6003 22 36226209 36239954 -1 36239710 G A -1
1 0 6015 7 130293134 130324180 1 130294379 T C 1
1 0 6035 7 128937457 128950038 1 128938247 T G -1
1 0 60754 23 1661795 1662306 1 1662011 A G -1
1 0 6147 14 20365667 20413501 -1 20413368 T C -1
1 0 6236 6 106629578 106668417 1 106629627 G A -1
1 0 6241 19 6210381 6279975 -1 6258063 G A 1
1 0 6286 9 137459952 137550402 -1 137461922 C A -1
1 0 6307 16 634427 636366 -1 636337 G A 1
1 0 633 11 113797874 113875572 -1 113874886 C G 1
1 0 6427 5 180784780 180815652 -1 180810084 G C -1
1 0 6576 17 75874164 75878581 -1 75877575 C T 1
1 0 6785 14 91060333 91225632 1 91114928 T C 1
1 0 6828 1 109733932 109741038 -1 109740350 G T 1
1 0 6861 2 11677595 11827409 1 11784824 T C 1
1 0 6935 18 36777647 36829216 -1 36771566 T C 1
1 0 7109 16 82147798 82170224 -1 82170181 C G -1
1 0 7224 7 6577434 6589374 1 6577616 C G 1
1 0 7264 17 61679139 61863559 -1 61784721 G A 1
1 0 7315 9 129803157 129811281 1 129803082 T C 1
1 0 7339 9 127794597 127814327 1 127803090 G A 1
1 0 744 5 157266079 157395595 1 157272119 A C -1
1 0 7526 15 40278176 40307935 -1 40307997 G C -1
1 0 756 4 169729470 169757944 -1 169757842 T C -1
1 0 7627 2 191029576 191151596 -1 191165665 C T 1
1 0 772 10 5765223 5842132 -1 5813440 G C 1
1 0 7859 13 110523066 110561722 -1 110471908 G A -1
1 0 7979 16 8788823 8862534 1 8798570 A C 1
1 0 8103 17 78107397 78132407 -1 78132305 G C -1
1 0 8171 11 319676 329475 -1 313755 C G 1
1 0 8177 21 31659666 31668931 1 31659661 A G 1
1 0 8386 1 214281102 214337131 1 214321796 G A -1
1 0 8641 4 958887 986895 -1 973551 C G 1
1 0 8681 4 186191567 186213463 1 186191475 G C -1
1 0 873 11 2301997 2318204 1 2301990 G A -1
1 0 8832 7 2728105 2844308 -1 2824952 G T 1
1 0 8995 8 143574785 143578649 -1 143578375 A G -1
1 0 9109 10 132332154 132381508 1 132331810 A G 1
1 0 917 19 984332 998438 1 996438 C T -1
1 0 9416 2 9488486 9556732 -1 9555777 A G -1
1 0 9421 4 184694085 184734130 -1 184734017 C T 1
1 0 947 4 37891084 38139175 1 38060612 T A -1
1 0 9544 2 33436324 33564750 1 33530930 T C -1
1 0 9772 3 12484421 12541549 1 12484507 G A 1
1 0 9844 14 22773222 22829820 -1 22803905 T C 1
1 0 9854 9 71911510 71986054 1 71941892 A G 1
1 0 9921 1 111117163 111140203 -1 111139496 C T -1
1 0 9933 21 29055805 29073797 -1 29073627 G A 1
