0 0 1010 3 49359139 49412998 -1 49397810 G C 1
0 0 10162 18 21650901 21704780 -1 21551388 G A 1
0 0 10168 1 6205475 6221299 1 6172097 C T -1
0 0 10168 1 6205475 6221299 1 6205436 G C -1
0 0 10236 16 89720400 89740925 1 89748809 C T 1
0 0 10236 16 89720400 89740925 1 89765102 C A -1
0 0 10261 11 78095244 78139660 -1 78063690 T C -1
0 0 10261 11 78095244 78139660 -1 78168166 T C -1
0 0 10282 17 48892765 48895871 1 48908231 A C 1
0 0 10282 17 48892765 48895871 1 48916008 G A 1
0 0 1043 13 112690038 112887168 1 112704524 G A -1
0 0 10434 21 46161148 46184476 -1 46173529 G A 1
0 0 10474 11 118226690 118252365 -1 118258625 C T 1
0 0 10532 7 101362875 101559024 1 101362935 G C 1
0 0 10532 7 101362875 101559024 1 101363095 C T 1
0 0 10532 7 101362875 101559024 1 101363853 G A 1
0 0 10532 7 101362875 101559024 1 101364179 G C 1
0 0 10532 7 101362875 101559024 1 101371081 C G 1
0 0 10532 7 101362875 101559024 1 101372692 C T 1
0 0 10561 19 38990714 39032785 -1 39052613 C T 1
0 0 10571 17 39671122 39696797 -1 39676026 C T -1
0 0 10635 16 649311 667833 1 1045063 T C 1
0 0 10676 1 47137435 47149727 1 47143996 T C 1
0 0 10760 1 109483479 109492804 1 109306104 A T -1
0 0 10850 2 11155198 11178870 1 11306229 T C -1
0 0 10850 2 11155198 11178870 1 11345105 A G -1
0 0 1088 22 19449911 19479202 -1 19478826 T G 1
0 0 10904 2 127257290 127294166 -1 127306369 T C 1
0 0 10914 2 38797729 38875934 -1 38720880 G A 1
0 0 10981 2 218217141 218254356 1 218217607 A G 1
0 0 10981 2 218217141 218254356 1 218252759 G A 1
0 0 10984 1 156282935 156293185 1 156282346 C A -1
0 0 10989 3 27106484 27369460 -1 27350107 A C -1
0 0 1110 3 126437601 126475891 -1 126475233 T C 1
0 0 11153 4 1345691 1395989 1 1393992 A G -1
0 0 11157 4 3503612 3532446 -1 3505521 C G -1
0 0 11184 3 48241100 48299253 1 48188134 C T 1
0 0 11184 3 48241100 48299253 1 48194780 T C -1
0 0 11184 3 48241100 48299253 1 48206183 T C -1
0 0 11184 3 48241100 48299253 1 48207930 C G 1
0 0 11184 3 48241100 48299253 1 48217618 A G 1
0 0 11184 3 48241100 48299253 1 48223232 G A -1
0 0 11184 3 48241100 48299253 1 48241273 C G -1
0 0 11184 3 48241100 48299253 1 48301800 C T 1
0 0 1119 8 42152946 42171673 1 42185975 G A 1
0 0 11191 3 49554477 49671549 1 49377868 G A -1
0 0 11191 3 49554477 49671549 1 49891592 C A -1
0 0 11192 3 49674014 49683971 1 49636422 G C -1
0 0 11192 3 49674014 49683971 1 49891592 C A -1
0 0 11194 3 49689538 49721529 1 49701653 C T -1
0 0 11194 3 49689538 49721529 1 49724138 G A -1
0 0 11194 3 49689538 49721529 1 49734942 G A -1
0 0 11241 4 146175703 146200000 1 146192170 C T 1
0 0 11320 6 87470623 87512336 1 87534930 C T -1
0 0 11335 6 168292830 168319777 -1 168326429 A G 1
0 0 11335 6 168292830 168319777 -1 168347333 G A 1
0 0 11335 6 168292830 168319777 -1 168347338 G A 1
0 0 11416 7 726699 786475 1 1060671 G T 1
0 0 11416 7 726699 786475 1 1065736 A G 1
0 0 11454 8 94813311 94881746 1 94960591 T A 1
0 0 11542 10 23439075 23442377 1 23469859 A G -1
0 0 11542 10 23439075 23442377 1 23481919 A G -1
0 0 11542 10 23439075 23442377 1 23506049 G C -1
0 0 11542 10 23439075 23442377 1 23506270 G A -1
0 0 11542 10 23439075 23442377 1 23512413 C G -1
0 0 11625 10 84139482 84154841 1 84139105 G A -1
0 0 11629 9 136410630 136427992 1 135928164 C T -1
0 0 11629 9 136410630 136427992 1 135961379 G C -1
0 0 11640 10 68827531 68895432 1 68818381 T A 1
0 0 11714 11 95789965 95832693 1 95789694 G C 1
0 0 11714 11 95789965 95832693 1 95789866 T G 1
0 0 11714 11 95789965 95832693 1 95789959 C G 1
0 0 11714 11 95789965 95832693 1 95836089 A C 1
0 0 11714 11 95789965 95832693 1 95849283 G C 1
0 0 1185 5 132875395 132963634 -1 132912412 G A 1
0 0 1185 5 132875395 132963634 -1 132944655 T G 1
0 0 11886 15 84748592 84806445 1 84786190 A C -1
0 0 11901 15 64155740 64163134 -1 64095812 A G 1
0 0 11979 22 41699503 41799456 1 41743074 A G -1
0 0 12083 17 29566052 29573157 1 29542950 G A -1
0 0 1210 19 16197854 16245906 1 16164704 A G -1
0 0 1210 19 16197854 16245906 1 16199814 C T -1
0 0 1210 19 16197854 16245906 1 16217234 A C -1
0 0 1210 19 16197854 16245906 1 16233717 C G -1
0 0 1210 19 16197854 16245906 1 16235365 A G -1
0 0 1210 19 16197854 16245906 1 16247638 T C -1
0 0 1221 17 75525080 75575209 1 75574637 C G -1
0 0 1221 17 75525080 75575209 1 75574675 G T -1
0 0 12239 11 64555690 64572875 1 64656359 G A 1
0 0 12239 11 64555690 64572875 1 64675993 T C 1
0 0 12239 11 64555690 64572875 1 64697931 T C 1
0 0 12284 3 52524385 52535054 -1 52550771 T C -1
0 0 12294 3 58332880 58426127 1 58306798 T G 1
0 0 12294 3 58332880 58426127 1 58332748 G A 1
0 0 12294 3 58332880 58426127 1 58356190 A G 1
0 0 12294 3 58332880 58426127 1 58423040 C T 1
0 0 12311 2 241315100 241354027 1 241316415 C T 1
0 0 12398 12 123671110 123708399 1 123670979 A G 1
0 0 12398 12 123671110 123708399 1 123706289 T C 1
0 0 12398 12 123671110 123708399 1 123712733 A C 1
0 0 12722 17 10697594 10711558 1 10730041 C T -1
0 0 12727 3 33798571 33869707 1 33807600 C T -1
0 0 12727 3 33798571 33869707 1 33843355 A G -1
0 0 12727 3 33798571 33869707 1 33856406 A G -1
0 0 12785 5 139408588 139444491 -1 139384467 C T -1
0 0 12785 5 139408588 139444491 -1 139385475 C T -1
0 0 12826 12 54455950 54473602 -1 54473792 G C 1
0 0 12847 7 124743885 124765792 -1 124489202 C G -1
0 0 12866 4 6663396 6676755 1 6656251 C A 1
0 0 12923 8 10723768 10730511 -1 10713981 C A 1
0 0 12967 20 35953617 35959472 -1 35664934 G A 1
0 0 1303 14 103385377 103503831 1 103487158 C G -1
0 0 1303 14 103385377 103503831 1 103506166 C T -1
0 0 13102 1 169792529 169794963 -1 169928954 G C 1
0 0 13176 3 48290722 48301685 -1 48231046 T G -1
0 0 13191 17 30897336 30906238 -1 30600866 T C -1
0 0 13191 17 30897336 30906238 -1 30824687 C T -1
0 0 13191 17 30897336 30906238 -1 30906870 T A -1
0 0 13270 2 240868824 240880502 1 240851026 G A 1
0 0 13270 2 240868824 240880502 1 240851586 G A 1
0 0 13298 10 45727200 45792964 1 45627820 C T -1
0 0 13298 10 45727200 45792964 1 45627863 G T -1
0 0 13310 8 33370824 33473146 -1 33473052 G A -1
0 0 13310 8 33370824 33473146 -1 33473094 T C -1
0 0 13310 8 33370824 33473146 -1 33513838 T G -1
0 0 13310 8 33370824 33473146 -1 33513961 G C -1
0 0 13349 11 71453109 71524107 1 71844082 G A 1
0 0 13349 11 71453109 71524107 1 71937920 G C -1
0 0 13416 1 115641970 115698224 1 115641998 G C -1
0 0 13416 1 115641970 115698224 1 115649438 C A -1
0 0 13599 15 41621134 41773081 1 41773992 T C -1
0 0 1365 10 96518110 96587452 -1 96930021 A G 1
0 0 13658 11 66466327 66477337 1 66495772 C T -1
0 0 13658 11 66466327 66477337 1 66526308 T C -1
0 0 13658 11 66466327 66477337 1 66531152 A C -1
0 0 13746 12 116910950 117031148 1 116924648 G A -1
0 0 13769 3 139005806 139360497 1 139389874 T A -1
0 0 13769 3 139005806 139360497 1 139427519 C T 1
0 0 13769 3 139005806 139360497 1 139455729 C G 1
0 0 13770 11 66070272 66244744 1 66196266 A G -1
0 0 1379 2 171687409 171750158 1 171680840 A C 1
0 0 1379 2 171687409 171750158 1 171687403 G T 1
0 0 13791 11 46701030 46705912 1 46890153 C T 1
0 0 13791 11 46701030 46705912 1 46917476 G A 1
0 0 13795 19 867630 893218 -1 873743 G A 1
0 0 13795 19 867630 893218 -1 882724 G C 1
0 0 13800 15 34378935 34437808 -1 34420769 C G 1
0 0 13800 15 34378935 34437808 -1 34434399 G A 1
0 0 13800 15 34378935 34437808 -1 34436502 T C 1
0 0 13800 15 34378935 34437808 -1 34436646 A C 1
0 0 13800 15 34378935 34437808 -1 34436711 T G 1
0 0 13800 15 34378935 34437808 -1 34437261 G C 1
0 0 13800 15 34378935 34437808 -1 34437267 G C 1
0 0 13800 15 34378935 34437808 -1 34437970 A G 1
0 0 13800 15 34378935 34437808 -1 34575637 G T 1
0 0 13800 15 34378935 34437808 -1 34588366 T G 1
0 0 1382 11 95768953 95790409 -1 95789959 C G 1
0 0 1382 11 95768953 95790409 -1 95836089 A C 1
0 0 13821 11 8947202 8965011 -1 8871646 C T 1
0 0 13821 11 8947202 8965011 -1 8911093 A C -1
0 0 13821 11 8947202 8965011 -1 8911517 G A 1
0 0 13821 11 8947202 8965011 -1 8925403 G T -1
0 0 13821 11 8947202 8965011 -1 8925632 G A 1
0 0 13821 11 8947202 8965011 -1 9029677 T C -1
0 0 13824 11 9019476 9138114 -1 9103681 C A 1
0 0 13861 11 73787872 73865133 1 73740628 C T 1
0 0 1387 1 19338775 19485539 -1 19449072 G A 1
0 0 13870 9 95759231 95876049 -1 95923583 G C 1
0 0 13966 17 82101460 82212878 -1 82098622 G A 1
0 0 13966 17 82101460 82212878 -1 82112705 T C 1
0 0 13966 17 82101460 82212878 -1 82122171 T G 1
0 0 13966 17 82101460 82212878 -1 82126663 T C 1
0 0 13966 17 82101460 82212878 -1 82126720 C T 1
0 0 13966 17 82101460 82212878 -1 82126945 C T 1
0 0 13966 17 82101460 82212878 -1 82127268 G C 1
0 0 13966 17 82101460 82212878 -1 82127334 A G 1
0 0 13966 17 82101460 82212878 -1 82127419 C T 1
0 0 13966 17 82101460 82212878 -1 82127465 A G 1
0 0 13966 17 82101460 82212878 -1 82128510 C T 1
0 0 13966 17 82101460 82212878 -1 82128513 C T 1
0 0 13966 17 82101460 82212878 -1 82133517 G T -1
0 0 13966 17 82101460 82212878 -1 82133841 C T -1
0 0 13966 17 82101460 82212878 -1 82134065 G A -1
0 0 13966 17 82101460 82212878 -1 82134497 G T -1
0 0 13966 17 82101460 82212878 -1 82138880 A G -1
0 0 13966 17 82101460 82212878 -1 82152991 G A -1
0 0 13966 17 82101460 82212878 -1 82163482 T C -1
0 0 13966 17 82101460 82212878 -1 82178542 C T -1
0 0 13966 17 82101460 82212878 -1 82193929 T C -1
0 0 13966 17 82101460 82212878 -1 82194005 G A -1
0 0 13966 17 82101460 82212878 -1 82199890 T C -1
0 0 13966 17 82101460 82212878 -1 82199921 G A -1
0 0 13966 17 82101460 82212878 -1 82201090 T G -1
0 0 13966 17 82101460 82212878 -1 82212478 G A -1
0 0 14161 12 132623753 132687376 -1 132649573 T C 1
0 0 14249 3 48918821 48986382 1 48782235 A C 1
0 0 14249 3 48918821 48986382 1 48898150 G A 1
0 0 14282 3 128879596 128924003 1 128889457 G A 1
0 0 14282 3 128879596 128924003 1 128895697 C T 1
0 0 14282 3 128879596 128924003 1 128932693 G A 1
0 0 14298 11 832887 839831 1 842543 C G 1
0 0 14298 11 832887 839831 1 842627 T C 1
0 0 14298 11 832887 839831 1 842630 C T 1
0 0 14418 7 1152071 1160759 -1 1160154 G C -1
0 0 14418 7 1152071 1160759 -1 1160841 A G -1
0 0 14607 6 32659467 32668383 -1 32581468 A G 1
0 0 14607 6 32659467 32668383 -1 32609829 G T 1
0 0 14607 6 32659467 32668383 -1 32628029 A G 1
0 0 14607 6 32659467 32668383 -1 32658274 G C 1
0 0 14607 6 32659467 32668383 -1 32658276 A T 1
0 0 14607 6 32659467 32668383 -1 32658813 C G -1
0 0 14607 6 32659467 32668383 -1 32658824 A G -1
0 0 14607 6 32659467 32668383 -1 32659970 A G -1
0 0 14607 6 32659467 32668383 -1 32666529 A T -1
0 0 14607 6 32659467 32668383 -1 32666573 T C -1
0 0 14607 6 32659467 32668383 -1 32666610 C T -1
0 0 14607 6 32659467 32668383 -1 32666731 C T -1
0 0 14607 6 32659467 32668383 -1 32696512 G T 1
0 0 14619 7 66376044 66493566 -1 66114735 G T 1
0 0 14619 7 66376044 66493566 -1 66205775 T C 1
0 0 14619 7 66376044 66493566 -1 66333558 G A 1
0 0 14619 7 66376044 66493566 -1 66377141 G A -1
0 0 14619 7 66376044 66493566 -1 66493638 T G -1
0 0 14619 7 66376044 66493566 -1 66502472 A C -1
0 0 14619 7 66376044 66493566 -1 66503987 G A -1
0 0 14619 7 66376044 66493566 -1 66507579 A T -1
0 0 14619 7 66376044 66493566 -1 66518542 G A -1
0 0 14653 7 126438598 127253093 -1 127044222 A T 1
0 0 14667 8 144107726 144118328 1 144063745 A G -1
0 0 14677 10 68230595 68232113 -1 68261079 A G -1
0 0 14677 10 68230595 68232113 -1 68271310 A G -1
0 0 14677 10 68230595 68232113 -1 68271535 G A -1
0 0 14677 10 68230595 68232113 -1 68271801 C A -1
0 0 14758 16 1826967 1840207 1 1828851 T C 1
0 0 14758 16 1826967 1840207 1 1828976 G A 1
0 0 14758 16 1826967 1840207 1 1833354 T C 1
0 0 14758 16 1826967 1840207 1 1833358 C T 1
0 0 14758 16 1826967 1840207 1 1870216 A C -1
0 0 14796 3 56557161 56621837 1 56721668 T C -1
0 0 14876 6 3231403 3303373 1 3265641 C T 1
0 0 14876 6 3231403 3303373 1 3270276 G C 1
0 0 14876 6 3231403 3303373 1 3289523 T C -1
0 0 14967 6 26634383 26659752 -1 26520713 T C -1
0 0 14967 6 26634383 26659752 -1 26571937 G T -1
0 0 14967 6 26634383 26659752 -1 26660260 G C -1
0 0 15021 1 100538139 100542021 1 100583056 A T 1
0 0 1517 4 73431138 73456174 1 73377092 T G -1
0 0 1517 4 73431138 73456174 1 73383599 C T -1
0 0 15171 21 46286342 46297751 1 46295382 T C -1
0 0 15298 3 134485699 134587789 1 134517128 G C -1
0 0 15304 6 26538366 26546933 1 26553303 T C 1
0 0 15304 6 26538366 26546933 1 26553715 G A 1
0 0 15385 1 86862445 86914424 -1 86866278 T C 1
0 0 15385 1 86862445 86914424 -1 86914303 T C 1
0 0 15443 16 20409534 20441336 1 20471046 A G -1
0 0 15443 16 20409534 20441336 1 20471301 G T -1
0 0 15505 16 1972053 1982929 1 2010396 C G -1
0 0 15583 16 28688558 28735727 1 28548660 G A -1
0 0 15653 22 38111495 38214778 -1 38166120 G T 1
0 0 15653 22 38111495 38214778 -1 38166272 T C 1
0 0 15901 2 230327184 230403732 1 230399522 A G -1
0 0 15948 17 81843159 81860856 -1 81860176 T G 1
0 0 15996 21 37062846 37073170 -1 37074281 T C -1
0 0 15996 21 37062846 37073170 -1 37082853 A G -1
0 0 15996 21 37062846 37073170 -1 37083024 C A -1
0 0 16047 23 155489011 155719098 -1 155720450 G A 1
0 0 16114 19 15673018 15697174 1 15723148 G A 1
0 0 16177 6 26365159 26378320 1 26376800 G A -1
0 0 16196 19 15640897 15662825 1 15667121 T C -1
0 0 16301 1 25272393 25330445 1 25442446 A G -1
0 0 16301 1 25272393 25330445 1 25483925 A G 1
0 0 16301 1 25272393 25330445 1 25491907 G A 1
0 0 16301 1 25272393 25330445 1 25495197 G T 1
0 0 16301 1 25272393 25330445 1 25513735 G A 1
0 0 16301 1 25272393 25330445 1 25532809 G A 1
0 0 16311 1 46929177 46941484 -1 46927091 T C -1
0 0 16311 1 46929177 46941484 -1 46930301 G A -1
0 0 16322 14 73958010 74019399 -1 73949962 T C -1
0 0 16322 14 73958010 74019399 -1 73999053 T A -1
0 0 16322 14 73958010 74019399 -1 74018820 G A -1
0 0 1657 7 100367530 100400096 1 100358243 G A 1
0 0 1657 7 100367530 100400096 1 100372565 C T 1
0 0 1662 8 86514435 86561498 1 86256150 T C -1
0 0 1662 8 86514435 86561498 1 86290516 C T -1
0 0 1662 8 86514435 86561498 1 86514210 A C -1
0 0 1662 8 86514435 86561498 1 86514562 G A -1
0 0 16909 6 32577902 32589848 -1 32484729 C T -1
0 0 16909 6 32577902 32589848 -1 32554713 G A -1
0 0 16909 6 32577902 32589848 -1 32604378 T C 1
0 0 16909 6 32577902 32589848 -1 32604452 A G -1
0 0 16909 6 32577902 32589848 -1 32604501 C A 1
0 0 16909 6 32577902 32589848 -1 32604611 T C -1
0 0 16909 6 32577902 32589848 -1 32604631 G A -1
0 0 16909 6 32577902 32589848 -1 32604674 A G -1
0 0 16909 6 32577902 32589848 -1 32604806 G A -1
0 0 16909 6 32577902 32589848 -1 32604924 A G -1
0 0 16909 6 32577902 32589848 -1 32609813 G A -1
0 0 16909 6 32577902 32589848 -1 32609819 C T 1
0 0 16909 6 32577902 32589848 -1 32610112 T C -1
0 0 16909 6 32577902 32589848 -1 32610130 C T -1
0 0 16909 6 32577902 32589848 -1 32610263 C G -1
0 0 16909 6 32577902 32589848 -1 32623067 G C 1
0 0 16909 6 32577902 32589848 -1 32623102 C A -1
0 0 16909 6 32577902 32589848 -1 32623281 A C 1
0 0 16909 6 32577902 32589848 -1 32623820 T C -1
0 0 16987 19 36182276 36246257 -1 36225931 T C -1
0 0 17000 8 144772224 144787345 -1 144786875 G A 1
0 0 17000 8 144772224 144787345 -1 144792397 C T 1
0 0 17032 7 150368790 150398630 1 150357605 G A -1
0 0 17084 19 9751993 9793180 -1 9718627 A G 1
0 0 17121 6 32628179 32647062 1 32658813 C G -1
0 0 17121 6 32628179 32647062 1 32658824 A G -1
0 0 17121 6 32628179 32647062 1 32658837 A G -1
0 0 17121 6 32628179 32647062 1 32666737 A G -1
0 0 17121 6 32628179 32647062 1 32668261 A T -1
0 0 17121 6 32628179 32647062 1 32668657 A G -1
0 0 17169 2 97492663 97589877 -1 97589830 G A -1
0 0 17169 2 97492663 97589877 -1 97590083 G C -1
0 0 17169 2 97492663 97589877 -1 97590790 G A -1
0 0 17169 2 97492663 97589877 -1 97663592 G A -1
0 0 17216 6 28267058 28278224 1 28161802 T C -1
0 0 1724 17 63827152 63832026 1 63699178 G C 1
0 0 1724 17 63827152 63832026 1 63819454 C T 1
0 0 1724 17 63827152 63832026 1 63827186 A G 1
0 0 1724 17 63827152 63832026 1 63883990 G C 1
0 0 17305 11 68891276 68903835 -1 68955225 C T -1
0 0 17311 7 149069641 149090782 -1 149104566 C T 1
0 0 17311 7 149069641 149090782 -1 149154121 G A 1
0 0 17311 7 149069641 149090782 -1 149210757 G A 1
0 0 17417 15 84655129 84658563 -1 84634066 G A -1
0 0 17417 15 84655129 84658563 -1 84672346 C T -1
0 0 17417 15 84655129 84658563 -1 84800749 T G -1
0 0 17477 4 68537173 68576413 -1 68489991 T C 1
0 0 17482 4 99070978 99088801 -1 99004208 T C -1
0 0 17482 4 99070978 99088801 -1 99119607 C T -1
0 0 1751 11 77821109 77918432 1 77875864 A G 1
0 0 17556 4 99123657 99157792 -1 99125503 G C 1
0 0 17556 4 99123657 99157792 -1 99125529 T C 1
0 0 17556 4 99123657 99157792 -1 99127658 G A 1
0 0 17556 4 99123657 99157792 -1 99131388 A C 1
0 0 17556 4 99123657 99157792 -1 99137104 T C 1
0 0 17556 4 99123657 99157792 -1 99137546 C G 1
0 0 17556 4 99123657 99157792 -1 99137576 C T 1
0 0 17655 19 36916316 37005037 1 36972776 A T 1
0 0 17655 19 36916316 37005037 1 36973405 G A 1
0 0 17669 17 43125551 43153671 1 43169829 C T -1
0 0 17669 17 43125551 43153671 1 43309681 A G -1
0 0 17669 17 43125551 43153671 1 43310090 T C -1
0 0 17669 17 43125551 43153671 1 43315909 T C -1
0 0 17671 6 32517353 32530287 -1 32604628 C T -1
0 0 17671 6 32517353 32530287 -1 32623003 T C 1
0 0 17671 6 32517353 32530287 -1 32623093 T C 1
0 0 17721 6 160531482 160664275 -1 160349520 G A -1
0 0 17721 6 160531482 160664275 -1 160634639 A G -1
0 0 17721 6 160531482 160664275 -1 160861345 G A 1
0 0 17739 1 156290089 156295689 -1 156276951 A G -1
0 0 1778 3 47227998 47283451 -1 47031131 T A -1
0 0 1801 12 112405189 112418838 -1 112001483 G A 1
0 0 1801 12 112405189 112418838 -1 112006305 A C 1
0 0 1801 12 112405189 112418838 -1 112021081 G A 1
0 0 1801 12 112405189 112418838 -1 112347778 T C 1
0 0 1876 15 64963022 64990310 -1 64950039 C T -1
0 0 1906 7 76461676 76505995 1 76570516 T C 1
0 0 193 1 171090901 171117819 1 171142336 C G 1
0 0 19519 1 244969682 245127164 1 245045743 T C -1
0 0 19519 1 244969682 245127164 1 245045832 A G -1
0 0 19519 1 244969682 245127164 1 245051493 G T -1
0 0 19519 1 244969682 245127164 1 245051494 A C -1
0 0 19533 6 149916878 149923121 -1 149718157 T C 1
0 0 19533 6 149916878 149923121 -1 149766491 C A 1
0 0 19533 6 149916878 149923121 -1 149767816 T C 1
0 0 19533 6 149916878 149923121 -1 149768273 A T 1
0 0 19533 6 149916878 149923121 -1 149863746 G C 1
0 0 19550 6 112087591 112102790 1 112061110 G T 1
0 0 19550 6 112087591 112102790 1 112087407 T C 1
0 0 19639 1 37860697 37947053 -1 37515379 G T -1
0 0 19647 23 73563197 73687111 1 73398859 A G 1
0 0 19647 23 73563197 73687111 1 73455359 G A -1
0 0 19658 10 50739318 50816495 1 50798492 A G -1
0 0 19671 1 25430858 25500209 1 25414356 A C -1
0 0 19671 1 25430858 25500209 1 25458960 A G 1
0 0 19671 1 25430858 25500209 1 25483925 A G 1
0 0 19801 6 31268749 31272130 -1 31203447 G T -1
0 0 19804 6 31164337 31180731 -1 31186139 G A -1
0 0 19804 6 31164337 31180731 -1 31186394 A G -1
0 0 19804 6 31164337 31180731 -1 31187410 G A -1
0 0 19804 6 31164337 31180731 -1 31197129 G A -1
0 0 19848 6 29975112 29978410 1 30076002 C G 1
0 0 1994 3 37052626 37183689 -1 37291330 T C 1
0 0 1994 3 37052626 37183689 -1 37324968 C A 1
0 0 19999 7 134289332 134316930 -1 134356115 T A -1
0 0 19999 7 134289332 134316930 -1 134356224 C A -1
0 0 19999 7 134289332 134316930 -1 134356378 A G -1
0 0 19999 7 134289332 134316930 -1 134360198 A G -1
0 0 19999 7 134289332 134316930 -1 134360203 A T -1
0 0 20276 6 31197760 31203968 1 31266068 T G 1
0 0 20285 6 29941260 29949572 1 29723226 C T 1
0 0 20285 6 29941260 29949572 1 29848264 G A 1
0 0 20285 6 29941260 29949572 1 29887956 C T 1
0 0 20285 6 29941260 29949572 1 29926362 G A 1
0 0 20285 6 29941260 29949572 1 29926557 G A 1
0 0 20285 6 29941260 29949572 1 29926630 G A 1
0 0 20285 6 29941260 29949572 1 29926826 A G 1
0 0 20285 6 29941260 29949572 1 29976723 G T 1
0 0 20285 6 29941260 29949572 1 29977165 T C 1
0 0 2083 10 50067888 50133509 1 50068079 T C -1
0 0 21397 22 22758700 22759218 1 22738896 A G -1
0 0 21397 22 22758700 22759218 1 22738903 T C -1
0 0 21397 22 22758700 22759218 1 22746191 T C -1
0 0 21397 22 22758700 22759218 1 22754198 C G -1
0 0 21397 22 22758700 22759218 1 22758232 A C -1
0 0 21397 22 22758700 22759218 1 22758283 T C -1
0 0 21397 22 22758700 22759218 1 22758311 G A -1
0 0 21397 22 22758700 22759218 1 22758341 A G -1
0 0 21397 22 22758700 22759218 1 22758614 G A -1
0 0 21397 22 22758700 22759218 1 22758643 A C -1
0 0 21397 22 22758700 22759218 1 22758670 A G -1
0 0 21397 22 22758700 22759218 1 22759599 G A -1
0 0 21398 22 22771824 22772582 1 22758232 A C -1
0 0 21398 22 22771824 22772582 1 22758614 G A -1
0 0 21598 14 105986582 105987083 -1 106005239 A C 1
0 0 21598 14 105986582 105987083 -1 106005398 G A 1
0 0 21598 14 105986582 105987083 -1 106011794 A T 1
0 0 22093 7 144186083 144195879 -1 144133270 T C -1
0 0 22378 4 69199951 69214748 -1 69180244 C A 1
0 0 22476 19 32691821 32713792 1 32692385 G A -1
0 0 22532 20 35626031 35664956 -1 35664060 G C -1
0 0 22532 20 35626031 35664956 -1 35884183 C T -1
0 0 22532 20 35626031 35664956 -1 35914185 G A -1
0 0 22532 20 35626031 35664956 -1 35954443 C G -1
0 0 22618 7 77657659 77696290 -1 77746151 C T -1
0 0 22618 7 77657659 77696290 -1 77747005 G T -1
0 0 22618 7 77657659 77696290 -1 77784468 A G -1
0 0 22658 17 46193566 46197842 1 45711283 T C 1
0 0 22658 17 46193566 46197842 1 45711416 C T 1
0 0 22658 17 46193566 46197842 1 45722143 A C 1
0 0 22658 17 46193566 46197842 1 45722301 C A 1
0 0 22658 17 46193566 46197842 1 45722444 G C 1
0 0 22658 17 46193566 46197842 1 45750105 G C 1
0 0 22658 17 46193566 46197842 1 45756458 G C 1
0 0 22658 17 46193566 46197842 1 45775239 C T 1
0 0 22658 17 46193566 46197842 1 45775767 T C 1
0 0 22658 17 46193566 46197842 1 45776091 A G 1
0 0 22658 17 46193566 46197842 1 45794862 G A 1
0 0 22658 17 46193566 46197842 1 45836191 T G 1
0 0 22658 17 46193566 46197842 1 45849582 A G 1
0 0 22658 17 46193566 46197842 1 45849626 C T 1
0 0 22658 17 46193566 46197842 1 45861133 G A 1
0 0 22658 17 46193566 46197842 1 45863984 C T 1
0 0 22658 17 46193566 46197842 1 45870122 A G 1
0 0 22658 17 46193566 46197842 1 45873754 T C 1
0 0 22658 17 46193566 46197842 1 45876329 T C 1
0 0 22658 17 46193566 46197842 1 45876353 G C 1
0 0 22658 17 46193566 46197842 1 45881726 G T 1
0 0 22658 17 46193566 46197842 1 45881747 A G 1
0 0 22658 17 46193566 46197842 1 45883234 T C 1
0 0 22658 17 46193566 46197842 1 45883926 G T 1
0 0 22658 17 46193566 46197842 1 45894115 T C 1
0 0 22658 17 46193566 46197842 1 45909030 C T 1
0 0 22658 17 46193566 46197842 1 45909054 A G 1
0 0 22658 17 46193566 46197842 1 45909066 G A 1
0 0 22658 17 46193566 46197842 1 45909096 A G 1
0 0 22658 17 46193566 46197842 1 45912543 A G 1
0 0 22658 17 46193566 46197842 1 45923862 G A 1
0 0 22658 17 46193566 46197842 1 45924013 C T 1
0 0 22658 17 46193566 46197842 1 45924591 T G 1
0 0 22658 17 46193566 46197842 1 45924696 A C 1
0 0 22658 17 46193566 46197842 1 45934459 A C 1
0 0 22658 17 46193566 46197842 1 45934730 A G 1
0 0 22658 17 46193566 46197842 1 45935097 T C 1
0 0 22658 17 46193566 46197842 1 45935549 T C 1
0 0 22658 17 46193566 46197842 1 45935737 G T 1
0 0 22658 17 46193566 46197842 1 45935980 T C 1
0 0 22658 17 46193566 46197842 1 45936109 G A 1
0 0 22658 17 46193566 46197842 1 45936572 A G 1
0 0 22658 17 46193566 46197842 1 45936600 T C 1
0 0 22658 17 46193566 46197842 1 45942277 G A 1
0 0 22658 17 46193566 46197842 1 45942314 T C 1
0 0 22658 17 46193566 46197842 1 45947196 G T 1
0 0 22658 17 46193566 46197842 1 45949028 A G 1
0 0 22658 17 46193566 46197842 1 45949112 A G 1
0 0 22658 17 46193566 46197842 1 45955513 A G 1
0 0 22658 17 46193566 46197842 1 45956102 G A 1
0 0 22658 17 46193566 46197842 1 45967457 T A 1
0 0 22658 17 46193566 46197842 1 45977230 T G 1
0 0 22658 17 46193566 46197842 1 45984532 T C 1
0 0 22658 17 46193566 46197842 1 45986400 A G 1
0 0 22658 17 46193566 46197842 1 45990923 G A 1
0 0 22658 17 46193566 46197842 1 46004096 T C 1
0 0 22658 17 46193566 46197842 1 46004161 T C 1
0 0 22658 17 46193566 46197842 1 46012324 T C 1
0 0 22658 17 46193566 46197842 1 46012349 C T 1
0 0 22658 17 46193566 46197842 1 46012555 C T 1
0 0 22658 17 46193566 46197842 1 46012782 A C 1
0 0 22658 17 46193566 46197842 1 46012870 T C 1
0 0 22658 17 46193566 46197842 1 46013280 A G 1
0 0 22658 17 46193566 46197842 1 46026250 C T 1
0 0 22658 17 46193566 46197842 1 46031882 G A 1
0 0 22658 17 46193566 46197842 1 46033522 A T 1
0 0 22658 17 46193566 46197842 1 46038520 C T 1
0 0 22658 17 46193566 46197842 1 46038872 G A 1
0 0 22658 17 46193566 46197842 1 46047169 T C 1
0 0 22658 17 46193566 46197842 1 46054351 G A 1
0 0 22658 17 46193566 46197842 1 46061717 G C 1
0 0 22658 17 46193566 46197842 1 46082359 C T 1
0 0 22658 17 46193566 46197842 1 46082483 T C 1
0 0 22658 17 46193566 46197842 1 46082622 G A 1
0 0 22658 17 46193566 46197842 1 46082684 G A 1
0 0 22658 17 46193566 46197842 1 46088069 C T 1
0 0 22658 17 46193566 46197842 1 46100971 T C 1
0 0 22658 17 46193566 46197842 1 46101473 T C 1
0 0 22658 17 46193566 46197842 1 46101518 G A 1
0 0 22658 17 46193566 46197842 1 46107062 T C 1
0 0 22658 17 46193566 46197842 1 46108886 G A 1
0 0 22658 17 46193566 46197842 1 46129700 A G 1
0 0 22658 17 46193566 46197842 1 46138792 T C 1
0 0 22658 17 46193566 46197842 1 46139746 G T 1
0 0 22658 17 46193566 46197842 1 46153960 G A 1
0 0 22658 17 46193566 46197842 1 46160006 G C 1
0 0 22658 17 46193566 46197842 1 46171448 G A 1
0 0 22658 17 46193566 46197842 1 46184387 T C 1
0 0 22658 17 46193566 46197842 1 46192598 T A 1
0 0 22658 17 46193566 46197842 1 46192927 G T 1
0 0 22658 17 46193566 46197842 1 46204015 A G 1
0 0 22658 17 46193566 46197842 1 46225000 G C 1
0 0 22812 11 57537595 57550272 1 57515009 G A 1
0 0 22812 11 57537595 57550272 1 57548048 C T 1
0 0 2293 22 41525799 41544606 -1 41413899 G C 1
0 0 2293 22 41525799 41544606 -1 41414166 T C 1
0 0 2293 22 41525799 41544606 -1 41426217 C G 1
0 0 2293 22 41525799 41544606 -1 41426301 T G 1
0 0 2293 22 41525799 41544606 -1 41426852 A G 1
0 0 2293 22 41525799 41544606 -1 41544367 T G -1
0 0 2293 22 41525799 41544606 -1 41544520 A G -1
0 0 22955 15 34525095 34588503 -1 34430802 C T 1
0 0 22955 15 34525095 34588503 -1 34434228 C A 1
0 0 22955 15 34525095 34588503 -1 34434396 G A 1
0 0 22955 15 34525095 34588503 -1 34560009 G A 1
0 0 2337 14 77335029 77377094 -1 77296129 T C 1
0 0 23959 8 70669339 70790371 1 70674736 A G 1
0 0 2414 20 25294742 25390835 -1 25281760 G C 1
0 0 2414 20 25294742 25390835 -1 25309907 T C -1
0 0 2414 20 25294742 25390835 -1 25317451 A G -1
0 0 2414 20 25294742 25390835 -1 25319120 T C -1
0 0 2414 20 25294742 25390835 -1 25390923 C T -1
0 0 2414 20 25294742 25390835 -1 25454431 C T 1
0 0 2414 20 25294742 25390835 -1 25459957 G A 1
0 0 2414 20 25294742 25390835 -1 25460012 G A 1
0 0 2414 20 25294742 25390835 -1 25461300 G A 1
0 0 2414 20 25294742 25390835 -1 25477684 T C 1
0 0 2415 20 35172072 35216240 1 35019174 G C 1
0 0 24571 6 32659880 32660729 1 32529804 G A 1
0 0 24571 6 32659880 32660729 1 32604114 G A 1
0 0 24571 6 32659880 32660729 1 32604457 G A 1
0 0 24571 6 32659880 32660729 1 32604501 C A 1
0 0 24571 6 32659880 32660729 1 32609819 C T 1
0 0 24571 6 32659880 32660729 1 32609862 T G 1
0 0 24571 6 32659880 32660729 1 32610069 T C 1
0 0 24571 6 32659880 32660729 1 32622892 T A 1
0 0 24571 6 32659880 32660729 1 32658813 C G -1
0 0 24571 6 32659880 32660729 1 32666737 A G -1
0 0 24571 6 32659880 32660729 1 32668261 A T -1
0 0 24571 6 32659880 32660729 1 32668657 A G -1
0 0 24649 14 106657725 106658258 -1 106661719 G T 1
0 0 24715 1 93262186 93346025 -1 93181063 C T 1
0 0 24715 1 93262186 93346025 -1 93288745 C T -1
0 0 2495 20 32109714 32167258 1 32244052 G A -1
0 0 25045 2 241808312 241812016 -1 241810727 C T 1
0 0 25045 2 241808312 241812016 -1 241892233 C G -1
0 0 2519 20 23626706 23638473 -1 23637934 T G 1
0 0 2519 20 23626706 23638473 -1 23638019 C G 1
0 0 2531 20 34546854 34560345 1 34337819 C G -1
0 0 2531 20 34546854 34560345 1 34344467 T C -1
0 0 2531 20 34546854 34560345 1 34350279 C T -1
0 0 2531 20 34546854 34560345 1 34408067 G A -1
0 0 2531 20 34546854 34560345 1 34421099 T C -1
0 0 2531 20 34546854 34560345 1 34494970 C A 1
0 0 2541 18 80034389 80050651 1 79976365 T A -1
0 0 25778 7 158537495 158539879 1 158490599 C T 1
0 0 25778 7 158537495 158539879 1 158501293 C G 1
0 0 25871 1 47096653 47179271 -1 47104931 G A 1
0 0 25871 1 47096653 47179271 -1 47106914 G A 1
0 0 25871 1 47096653 47179271 -1 47107005 A G 1
0 0 25885 10 18531849 18533336 -1 18624415 C G -1
0 0 26089 1 155316863 155324176 -1 155637138 C T 1
0 0 26687 2 185719874 185740479 -1 185876267 G A -1
0 0 26743 7 66654513 66685692 1 66700323 T C -1
0 0 26743 7 66654513 66685692 1 66732152 T C -1
0 0 2678 19 11574653 11579993 -1 11576380 C T 1
0 0 27106 13 79406293 79427317 1 79374211 A G 1
0 0 2775 16 853634 981318 -1 970874 C T 1
0 0 27828 2 97664217 97703066 1 97714235 G A 1
0 0 27991 10 77782866 77793176 1 77811350 C T 1
0 0 28180 7 1160374 1165607 1 1160154 G C -1
0 0 28180 7 1160374 1165607 1 1170052 T A -1
0 0 28258 7 134346071 134350791 -1 134363064 A C -1
0 0 28258 7 134346071 134350791 -1 134368991 T C -1
0 0 28487 20 3887289 3889173 -1 3970281 C A 1
0 0 28487 20 3887289 3889173 -1 3980606 C G 1
0 0 28487 20 3887289 3889173 -1 3989526 C G 1
0 0 28487 20 3887289 3889173 -1 3989660 A G 1
0 0 2850 15 80152490 80186946 1 80202118 C T 1
0 0 28887 1 180269653 180502954 -1 180133393 G A -1
0 0 2893 8 90001405 90053633 1 89950109 T C -1
0 0 2893 8 90001405 90053633 1 89984030 A G -1
0 0 2893 8 90001405 90053633 1 90001120 C T -1
0 0 2893 8 90001405 90053633 1 90001138 T C -1
0 0 2897 8 97775057 97853013 1 97830266 G T -1
0 0 2897 8 97775057 97853013 1 97830677 G A -1
0 0 2897 8 97775057 97853013 1 97831369 G T -1
0 0 29033 1 236540094 236550280 -1 236543167 C T -1
0 0 2907 8 60516936 60623644 1 60559280 T C 1
0 0 2908 8 108162787 108443496 -1 108112889 G A 1
0 0 2908 8 108162787 108443496 -1 108248352 A G 1
0 0 2908 8 108162787 108443496 -1 108256576 C T 1
0 0 2908 8 108162787 108443496 -1 108266460 G A 1
0 0 2921 8 81799581 81842866 -1 81842130 C A -1
0 0 29513 1 1891223 1892726 1 1881249 A G 1
0 0 2956 19 48900050 48923473 1 48906934 G T -1
0 0 3019 19 49976468 50025946 -1 49977703 G A 1
0 0 30584 22 42136433 42139927 -1 42142884 G T -1
0 0 30584 22 42136433 42139927 -1 42144895 A G -1
0 0 3062 19 46674275 46717127 -1 46704397 G A -1
0 0 30701 6 135055033 135060550 1 135037429 T G -1
0 0 30701 6 135055033 135060550 1 135054624 G A -1
0 0 309 17 43044295 43170245 -1 43310090 T C -1
0 0 309 17 43044295 43170245 -1 43324652 C T -1
0 0 31319 2 241881363 242078722 1 241896391 A C -1
0 0 3180 19 43506719 43527230 -1 43490994 G A -1
0 0 3180 19 43506719 43527230 -1 43504376 C T -1
0 0 31946 6 31353872 31367067 -1 31144960 C A 1
0 0 3203 7 21543039 21901839 1 21566355 A G 1
0 0 32360 1 41242373 41284861 1 41046083 C A 1
0 0 32360 1 41242373 41284861 1 41109180 T G 1
0 0 3296 7 101218165 101224190 1 101231073 T C -1
0 0 33122 7 65840055 65842396 1 65941231 A G 1
0 0 33122 7 65840055 65842396 1 65967580 T C 1
0 0 33217 2 127388173 127406228 1 127279984 A G -1
0 0 3324 7 43608456 43729717 -1 43583864 G C 1
0 0 3324 7 43608456 43729717 -1 43583894 C T 1
0 0 3324 7 43608456 43729717 -1 43640256 A T 1
0 0 3324 7 43608456 43729717 -1 43660715 G T 1
0 0 3324 7 43608456 43729717 -1 43749419 A G -1
0 0 3324 7 43608456 43729717 -1 43765096 C T -1
0 0 3324 7 43608456 43729717 -1 43771736 G T 1
0 0 33327 9 72871130 72874135 -1 72822691 G A -1
0 0 3357 9 120932987 121075195 -1 120967684 T C 1
0 0 336 5 141958328 141990292 1 141982724 C G -1
0 0 3360 9 92493554 92536655 -1 92479081 A G -1
0 0 33789 6 32741391 32747198 1 32622385 A G 1
0 0 33789 6 32741391 32747198 1 32622471 T C 1
0 0 33789 6 32741391 32747198 1 32622604 A T 1
0 0 33789 6 32741391 32747198 1 32622651 T C 1
0 0 33789 6 32741391 32747198 1 32622659 C T 1
0 0 33789 6 32741391 32747198 1 32622660 A G 1
0 0 33789 6 32741391 32747198 1 32622813 T G 1
0 0 33789 6 32741391 32747198 1 32623789 A G 1
0 0 3414 10 98410939 98446963 -1 98394490 G C 1
0 0 34148 17 46511508 46556910 1 46026459 T C 1
0 0 34148 17 46511508 46556910 1 46027143 T C 1
0 0 34148 17 46511508 46556910 1 46031822 C G 1
0 0 34148 17 46511508 46556910 1 46031882 G A 1
0 0 34148 17 46511508 46556910 1 46038946 T C 1
0 0 34148 17 46511508 46556910 1 46044551 C T 1
0 0 34148 17 46511508 46556910 1 46047169 T C 1
0 0 34148 17 46511508 46556910 1 46054193 C A 1
0 0 34148 17 46511508 46556910 1 46054226 A G 1
0 0 34148 17 46511508 46556910 1 46054351 G A 1
0 0 34148 17 46511508 46556910 1 46082359 C T 1
0 0 34148 17 46511508 46556910 1 46088230 C T 1
0 0 34148 17 46511508 46556910 1 46100971 T C 1
0 0 34148 17 46511508 46556910 1 46101473 T C 1
0 0 34148 17 46511508 46556910 1 46108935 T C 1
0 0 34148 17 46511508 46556910 1 46118058 A C 1
0 0 34148 17 46511508 46556910 1 46118129 G A 1
0 0 34148 17 46511508 46556910 1 46118787 A G 1
0 0 34148 17 46511508 46556910 1 46121440 T C 1
0 0 34148 17 46511508 46556910 1 46128324 C T 1
0 0 34148 17 46511508 46556910 1 46138792 T C 1
0 0 34148 17 46511508 46556910 1 46138860 A G 1
0 0 34148 17 46511508 46556910 1 46151404 A G 1
0 0 34148 17 46511508 46556910 1 46154251 A T 1
0 0 34148 17 46511508 46556910 1 46160424 G A 1
0 0 34148 17 46511508 46556910 1 46161572 T C 1
0 0 34148 17 46511508 46556910 1 46171448 G A 1
0 0 34148 17 46511508 46556910 1 46192693 A T 1
0 0 34148 17 46511508 46556910 1 46194064 A G 1
0 0 34148 17 46511508 46556910 1 46204086 A G 1
0 0 34148 17 46511508 46556910 1 46207776 G C 1
0 0 34148 17 46511508 46556910 1 46225515 C T 1
0 0 34148 17 46511508 46556910 1 46239522 A G 1
0 0 34148 17 46511508 46556910 1 46291560 C A 1
0 0 343 4 1712858 1745171 1 1721565 C T 1
0 0 343 4 1712858 1745171 1 1735535 T C -1
0 0 34547 3 136835345 136862618 -1 136820182 C A -1
0 0 34547 3 136835345 136862618 -1 136880972 T A -1
0 0 34547 3 136835345 136862618 -1 136893919 C G -1
0 0 34547 3 136835345 136862618 -1 136928965 C T -1
0 0 34547 3 136835345 136862618 -1 136943761 G A -1
0 0 3469 10 3137728 3172841 -1 3162743 G T -1
0 0 3489 10 68282660 68333049 -1 68261079 A G 1
0 0 3529 17 75751594 75765236 -1 75784425 G A -1
0 0 3542 17 5359668 5420164 -1 5390753 T G 1
0 0 3542 17 5359668 5420164 -1 5392079 C T 1
0 0 3551 17 63819433 63830012 -1 63699119 T C 1
0 0 3551 17 63819433 63830012 -1 63819454 C T 1
0 0 35568 2 89009982 89010515 -1 88969682 C G -1
0 0 35655 22 20707691 20859417 -1 20858428 G A 1
0 0 36195 7 135662496 135693418 1 135558225 T G -1
0 0 36195 7 135662496 135693418 1 135558492 T C -1
0 0 36896 11 78139756 78175323 1 78123029 T A -1
0 0 36896 11 78139756 78175323 1 78123031 G A -1
0 0 36915 8 70608577 70663279 1 70748605 T C 1
0 0 36956 17 50934989 50944713 -1 50939853 A G -1
0 0 36956 17 50934989 50944713 -1 50992610 G A -1
0 0 36956 17 50934989 50944713 -1 51057240 G C -1
0 0 36956 17 50934989 50944713 -1 51057279 C T -1
0 0 36994 5 81201341 81301565 -1 81245776 A G -1
0 0 3770 11 34915829 35020591 1 34909756 T A -1
0 0 3770 11 34915829 35020591 1 34915783 G T -1
0 0 3770 11 34915829 35020591 1 34915869 G A -1
0 0 3770 11 34915829 35020591 1 34917004 A G -1
0 0 3770 11 34915829 35020591 1 34930059 T C -1
0 0 3770 11 34915829 35020591 1 34936291 G A -1
0 0 38053 5 96213263 96215075 -1 96298286 T C -1
0 0 38053 5 96213263 96215075 -1 96315649 G A -1
0 0 3818 12 109448655 109477359 -1 109450974 G A 1
0 0 38262 19 19528861 19537581 1 19367242 C T 1
0 0 38262 19 19528861 19537581 1 19394739 C T -1
0 0 38262 19 19528861 19537581 1 19425399 G C -1
0 0 38262 19 19528861 19537581 1 19459746 G C -1
0 0 38262 19 19528861 19537581 1 19460943 G A -1
0 0 38262 19 19528861 19537581 1 19526628 G A -1
0 0 3849 12 10845849 10849475 -1 10886267 G T -1
0 0 3849 12 10845849 10849475 -1 10901723 C T -1
0 0 3849 12 10845849 10849475 -1 11171577 C A -1
0 0 3849 12 10845849 10849475 -1 11171745 C T -1
0 0 38558 11 68870664 68874542 1 68875506 C T -1
0 0 38558 11 68870664 68874542 1 68890266 C T -1
0 0 38669 4 146214515 146232267 1 146192807 T C 1
0 0 38957 8 89545424 89757812 -1 89729506 T A -1
0 0 39158 16 28802743 28817828 1 28548660 G A -1
0 0 39158 16 28802743 28817828 1 28863226 C G -1
0 0 39158 16 28802743 28817828 1 28863801 T G -1
0 0 39158 16 28802743 28817828 1 28863883 A T -1
0 0 39158 16 28802743 28817828 1 28864161 A G -1
0 0 39158 16 28802743 28817828 1 28880144 C T -1
0 0 3919 12 6870935 6889358 -1 6867905 T C 1
0 0 3919 12 6870935 6889358 -1 6868195 A G 1
0 0 3933 12 119667864 119681624 1 119618673 C G -1
0 0 3961 6 87322583 87399749 1 87152046 T C 1
0 0 3961 6 87322583 87399749 1 87174289 A G 1
0 0 3961 6 87322583 87399749 1 87174290 T C 1
0 0 3961 6 87322583 87399749 1 87393431 G A -1
0 0 3990 6 36493892 36547479 -1 36456681 G A -1
0 0 3990 6 36493892 36547479 -1 36510409 A G -1
0 0 3990 6 36493892 36547479 -1 36522356 G A -1
0 0 4 1 169662007 169854080 1 169694797 G A 1
0 0 4 1 169662007 169854080 1 169727613 A T 1
0 0 4 1 169662007 169854080 1 169736941 A G 1
0 0 4 1 169662007 169854080 1 169765796 T A 1
0 0 4 1 169662007 169854080 1 169766056 G A 1
0 0 4030 6 24494867 24537207 1 24489424 C T -1
0 0 40449 8 57142659 57244793 1 57193508 A G 1
0 0 40449 8 57142659 57244793 1 57219242 T C 1
0 0 40449 8 57142659 57244793 1 57219671 G A 1
0 0 4045 6 134960378 135103056 -1 135055241 T G -1
0 0 40490 17 47409322 47423526 -1 47587811 A T -1
0 0 40490 17 47409322 47423526 -1 47655239 G A -1
0 0 40490 17 47409322 47423526 -1 47660335 A G -1
0 0 40539 5 138744434 138753309 -1 138731258 A T 1
0 0 40539 5 138744434 138753309 -1 138742863 A G -1
0 0 40539 5 138744434 138753309 -1 138762247 C T -1
0 0 40539 5 138744434 138753309 -1 138770637 T G -1
0 0 40539 5 138744434 138753309 -1 138865253 C T -1
0 0 40539 5 138744434 138753309 -1 138867345 T G 1
0 0 40661 8 85440596 85464915 -1 85463274 C A 1
0 0 4073 6 170290703 170407067 1 170297184 C T -1
0 0 4073 6 170290703 170407067 1 170306290 T G -1
0 0 4073 6 170290703 170407067 1 170306349 A G -1
0 0 4073 6 170290703 170407067 1 170306930 G T -1
0 0 4073 6 170290703 170407067 1 170307015 T C -1
0 0 41128 4 1356581 1358075 1 1386245 A G -1
0 0 4125 5 140245035 140303113 -1 140273623 G A -1
0 0 41320 8 120052180 120056201 1 119892560 T A 1
0 0 41320 8 120052180 120056201 1 119903622 A T 1
0 0 41320 8 120052180 120056201 1 119913758 T C 1
0 0 41721 11 557595 560107 1 561052 C G 1
0 0 41721 11 557595 560107 1 606294 C T 1
0 0 4174 5 96935394 97037513 1 96896438 T A -1
0 0 41763 8 143541973 143549729 -1 143518373 G A -1
0 0 4213 5 173144442 173164387 1 173065446 C T -1
0 0 4213 5 173144442 173164387 1 173102788 T C -1
0 0 4213 5 173144442 173164387 1 173153863 C A -1
0 0 42162 11 66244717 66257595 -1 66081785 C T 1
0 0 42162 11 66244717 66257595 -1 66258208 G A 1
0 0 42162 11 66244717 66257595 -1 66288671 A C -1
0 0 422 11 494512 507300 -1 462684 C T -1
0 0 42340 11 66473490 66480296 -1 66495772 C T -1
0 0 42340 11 66473490 66480296 -1 66504766 G A -1
0 0 42340 11 66473490 66480296 -1 66531152 A C -1
0 0 42484 12 10995961 10998304 -1 10868494 A G -1
0 0 42484 12 10995961 10998304 -1 11107012 G T -1
0 0 42668 11 119084866 119093834 1 119057542 C T 1
0 0 42783 12 132186735 132189728 -1 132189489 G C 1
0 0 43184 12 75483454 75489820 -1 75438003 A G -1
0 0 44082 17 64506865 64542461 1 64506696 G A 1
0 0 44082 17 64506865 64542461 1 64619847 T C 1
0 0 4418 2 98608579 98618515 1 98600068 A G 1
0 0 445 11 47248300 47269033 1 47305666 G A 1
0 0 44738 15 51455268 51460582 1 51470215 C A -1
0 0 4484 2 135905881 135986100 -1 135830461 C A -1
0 0 45176 15 75527150 75601205 -1 75598348 G T -1
0 0 45176 15 75527150 75601205 -1 75606636 G A -1
0 0 45179 6 109382795 109383667 1 109397362 C G 1
0 0 4550 1 8004404 8026309 -1 7962111 C T 1
0 0 4576 1 62454298 62688386 -1 62524136 C T 1
0 0 4576 1 62454298 62688386 -1 62544439 G C 1
0 0 4576 1 62454298 62688386 -1 62608304 C T -1
0 0 4576 1 62454298 62688386 -1 62869525 A G -1
0 0 45784 16 89492017 89504460 -1 89508277 G C 1
0 0 45784 16 89492017 89504460 -1 89534394 T C 1
0 0 45810 3 128859716 128860526 -1 128932693 G A 1
0 0 45872 16 50840017 50901063 1 50842953 C T 1
0 0 45919 7 150337483 150343346 1 150340727 T G 1
0 0 46081 16 48164952 48167238 -1 48221778 A G 1
0 0 4636 1 236518000 236552981 1 236548286 G A -1
0 0 46493 11 13962723 14268133 1 14018862 A C 1
0 0 46493 11 13962723 14268133 1 14025900 G A 1
0 0 46493 11 13962723 14268133 1 14055964 T A 1
0 0 46540 17 45907670 45910779 -1 45681421 G A -1
0 0 46540 17 45907670 45910779 -1 45711416 C T -1
0 0 46540 17 45907670 45910779 -1 45849389 A G -1
0 0 46540 17 45907670 45910779 -1 45849626 C T -1
0 0 46540 17 45907670 45910779 -1 45852872 C A -1
0 0 46540 17 45907670 45910779 -1 45873979 C A -1
0 0 46540 17 45907670 45910779 -1 45924295 A G -1
0 0 46540 17 45907670 45910779 -1 45936771 G T -1
0 0 46540 17 45907670 45910779 -1 45983409 C T -1
0 0 46540 17 45907670 45910779 -1 45995779 G C -1
0 0 46540 17 45907670 45910779 -1 46012324 T C -1
0 0 46540 17 45907670 45910779 -1 46012349 C T -1
0 0 46540 17 45907670 45910779 -1 46027143 T C -1
0 0 46540 17 45907670 45910779 -1 46047169 T C -1
0 0 46540 17 45907670 45910779 -1 46128324 C T -1
0 0 46540 17 45907670 45910779 -1 46161600 T C -1
0 0 46540 17 45907670 45910779 -1 46192598 T A -1
0 0 46565 16 20440266 20447000 -1 20465530 T C -1
0 0 46565 16 20440266 20447000 -1 20471046 A G -1
0 0 46565 16 20440266 20447000 -1 20471429 A G -1
0 0 46730 17 30863921 30864940 -1 30824687 C T 1
0 0 46730 17 30863921 30864940 -1 30916348 T C 1
0 0 46842 18 5237826 5290608 1 5238829 C T 1
0 0 46931 1 148102047 148152322 -1 148152170 T C -1
0 0 4723 1 209785617 209806175 -1 209845128 C A 1
0 0 4770 11 119015712 119018691 -1 119018422 A G -1
0 0 4770 11 119015712 119018691 -1 119026249 G A -1
0 0 479 17 5282265 5386340 1 5391656 T A -1
0 0 479 17 5282265 5386340 1 5392208 T C -1
0 0 48084 1 150293861 150308979 1 150438836 T C 1
0 0 48084 1 150293861 150308979 1 150515485 C G 1
0 0 48430 19 41449520 41501255 -1 41850561 C T 1
0 0 48430 19 41449520 41501255 -1 41860325 C T 1
0 0 48519 19 32390050 32405560 -1 32415197 G A 1
0 0 48519 19 32390050 32405560 -1 32426549 T A -1
0 0 48960 19 4454014 4455286 1 4369450 C T -1
0 0 48960 19 4454014 4455286 1 4374853 C T -1
0 0 49 1 33007986 33080996 -1 33045205 A G 1
0 0 49149 19 24033401 24077377 1 24049735 C T 1
0 0 49149 19 24033401 24077377 1 24050482 T C 1
0 0 49149 19 24033401 24077377 1 24050563 T A 1
0 0 4916 14 74019349 74082863 1 74077242 C G 1
0 0 4916 14 74019349 74082863 1 74085273 C T 1
0 0 4916 14 74019349 74082863 1 74134693 T C 1
0 0 49256 9 129170434 129170940 1 129094583 T C 1
0 0 49256 9 129170434 129170940 1 129095351 C T 1
0 0 49256 9 129170434 129170940 1 129110977 A C 1
0 0 49256 9 129170434 129170940 1 129121473 A G -1
0 0 49256 9 129170434 129170940 1 129138641 T C -1
0 0 49256 9 129170434 129170940 1 129139179 C T 1
0 0 49256 9 129170434 129170940 1 129140742 T C -1
0 0 49256 9 129170434 129170940 1 129153069 G T -1
0 0 49256 9 129170434 129170940 1 129162695 C T 1
0 0 4981 10 95659823 95694143 -1 95693946 A C 1
0 0 4981 10 95659823 95694143 -1 95756644 G A 1
0 0 4981 10 95659823 95694143 -1 95793660 C G 1
0 0 4981 10 95659823 95694143 -1 95815969 C T 1
0 0 49873 12 89524594 89548005 1 89525791 C T 1
0 0 4994 17 46029916 46225389 -1 45750105 G C 1
0 0 4994 17 46029916 46225389 -1 45750142 A G 1
0 0 4994 17 46029916 46225389 -1 45775255 T C 1
0 0 4994 17 46029916 46225389 -1 45775367 G A 1
0 0 4994 17 46029916 46225389 -1 45775869 T G 1
0 0 4994 17 46029916 46225389 -1 45776091 A G 1
0 0 4994 17 46029916 46225389 -1 45824192 A G 1
0 0 4994 17 46029916 46225389 -1 45834793 G C 1
0 0 4994 17 46029916 46225389 -1 45836191 T G 1
0 0 4994 17 46029916 46225389 -1 45849389 A G 1
0 0 4994 17 46029916 46225389 -1 45849582 A G 1
0 0 4994 17 46029916 46225389 -1 45861028 A G 1
0 0 4994 17 46029916 46225389 -1 45873854 T G 1
0 0 4994 17 46029916 46225389 -1 45873979 C A 1
0 0 4994 17 46029916 46225389 -1 45876329 T C 1
0 0 4994 17 46029916 46225389 -1 45881747 A G 1
0 0 4994 17 46029916 46225389 -1 45883926 G T 1
0 0 4994 17 46029916 46225389 -1 45894238 C G 1
0 0 4994 17 46029916 46225389 -1 45894571 C A 1
0 0 4994 17 46029916 46225389 -1 45903396 A G 1
0 0 4994 17 46029916 46225389 -1 45905997 G A 1
0 0 4994 17 46029916 46225389 -1 45907303 A G 1
0 0 4994 17 46029916 46225389 -1 45924255 A G 1
0 0 4994 17 46029916 46225389 -1 45924295 A G 1
0 0 4994 17 46029916 46225389 -1 45924591 T G 1
0 0 4994 17 46029916 46225389 -1 45934730 A G 1
0 0 4994 17 46029916 46225389 -1 45935658 T C 1
0 0 4994 17 46029916 46225389 -1 45935737 G T 1
0 0 4994 17 46029916 46225389 -1 45936572 A G 1
0 0 4994 17 46029916 46225389 -1 45936897 T C 1
0 0 4994 17 46029916 46225389 -1 45937018 G A 1
0 0 4994 17 46029916 46225389 -1 45947186 C G 1
0 0 4994 17 46029916 46225389 -1 45955636 T C 1
0 0 4994 17 46029916 46225389 -1 45974480 A G 1
0 0 4994 17 46029916 46225389 -1 45977022 T C 1
0 0 4994 17 46029916 46225389 -1 45984532 T C 1
0 0 4994 17 46029916 46225389 -1 45986357 A C 1
0 0 4994 17 46029916 46225389 -1 45986421 A G 1
0 0 4994 17 46029916 46225389 -1 45990923 G A 1
0 0 4994 17 46029916 46225389 -1 46012324 T C 1
0 0 4994 17 46029916 46225389 -1 46031822 C G 1
0 0 4994 17 46029916 46225389 -1 46038872 G A 1
0 0 4994 17 46029916 46225389 -1 46038946 T C 1
0 0 4994 17 46029916 46225389 -1 46054193 C A 1
0 0 4994 17 46029916 46225389 -1 46054256 G A 1
0 0 4994 17 46029916 46225389 -1 46082622 G A 1
0 0 4994 17 46029916 46225389 -1 46088069 C T 1
0 0 4994 17 46029916 46225389 -1 46118058 A C 1
0 0 4994 17 46029916 46225389 -1 46118649 C G 1
0 0 4994 17 46029916 46225389 -1 46118787 A G 1
0 0 4994 17 46029916 46225389 -1 46121440 T C 1
0 0 4994 17 46029916 46225389 -1 46128134 A G 1
0 0 4994 17 46029916 46225389 -1 46129994 C T 1
0 0 4994 17 46029916 46225389 -1 46139746 G T 1
0 0 4994 17 46029916 46225389 -1 46153929 G A 1
0 0 4994 17 46029916 46225389 -1 46161572 T C 1
0 0 4994 17 46029916 46225389 -1 46169948 C T 1
0 0 4994 17 46029916 46225389 -1 46171448 G A 1
0 0 4994 17 46029916 46225389 -1 46192693 A T 1
0 0 4994 17 46029916 46225389 -1 46193443 A G 1
0 0 4994 17 46029916 46225389 -1 46194029 G T 1
0 0 4994 17 46029916 46225389 -1 46202394 G A 1
0 0 4994 17 46029916 46225389 -1 46225515 C T 1
0 0 4994 17 46029916 46225389 -1 46266731 G C 1
0 0 5051 10 27154824 27187953 1 27155374 G A 1
0 0 5051 10 27154824 27187953 1 27155399 C A 1
0 0 5051 10 27154824 27187953 1 27240987 G A 1
0 0 50613 7 128667043 128668156 1 128561455 G A 1
0 0 50613 7 128667043 128668156 1 128565248 A G 1
0 0 50613 7 128667043 128668156 1 128608215 T C 1
0 0 50613 7 128667043 128668156 1 128703800 G A 1
0 0 50613 7 128667043 128668156 1 128706344 C T 1
0 0 50866 6 28078792 28081130 -1 28091242 G A -1
0 0 50866 6 28078792 28081130 -1 28141484 T C -1
0 0 5094 12 102012840 102062149 -1 102021478 T C -1
0 0 5094 12 102012840 102062149 -1 102408607 C T 1
0 0 51034 8 33360839 33361415 -1 33424525 G A -1
0 0 51034 8 33360839 33361415 -1 33473169 A C -1
0 0 51034 8 33360839 33361415 -1 33473170 A G -1
0 0 51034 8 33360839 33361415 -1 33485541 G A -1
0 0 51034 8 33360839 33361415 -1 33513632 A G -1
0 0 51034 8 33360839 33361415 -1 33513681 T C -1
0 0 51034 8 33360839 33361415 -1 33513778 T C -1
0 0 51034 8 33360839 33361415 -1 33514027 A T -1
0 0 51034 8 33360839 33361415 -1 33514705 C A -1
0 0 51107 6 25992641 26001775 1 26055844 G C -1
0 0 51107 6 25992641 26001775 1 26056480 C T -1
0 0 51127 6 31195200 31198037 -1 31196962 C A -1
0 0 51127 6 31195200 31198037 -1 31198069 C T -1
0 0 51127 6 31195200 31198037 -1 31203804 G A 1
0 0 51127 6 31195200 31198037 -1 31204053 C T 1
0 0 51263 7 100336104 100367831 1 100483683 C T 1
0 0 51277 4 99067256 99068125 -1 98995190 A G 1
0 0 51277 4 99067256 99068125 -1 99069742 G T 1
0 0 5134 16 48165773 48247568 -1 48235650 A G 1
0 0 5134 16 48165773 48247568 -1 48244714 A G 1
0 0 5134 16 48165773 48247568 -1 48244751 T C 1
0 0 5144 12 21437615 21471250 1 21437687 T C -1
0 0 5144 12 21437615 21471250 1 21437854 C A -1
0 0 51446 2 86195154 86196644 1 86161004 A G 1
0 0 51446 2 86195154 86196644 1 86194950 G C 1
0 0 51476 1 120723945 120842229 1 120942282 T G 1
0 0 51555 7 128524016 128531069 -1 128558700 C T -1
0 0 51555 7 128524016 128531069 -1 128563922 T C -1
0 0 51555 7 128524016 128531069 -1 128566403 T C -1
0 0 51555 7 128524016 128531069 -1 128582781 C T -1
0 0 51555 7 128524016 128531069 -1 128672921 G C -1
0 0 51555 7 128524016 128531069 -1 128675031 A T -1
0 0 51555 7 128524016 128531069 -1 128693719 G A -1
0 0 5174 11 33015876 33033582 1 33039223 T C 1
0 0 5174 11 33015876 33033582 1 33065553 G A 1
0 0 52322 18 79677285 79679364 -1 79657704 A G 1
0 0 5254 1 100148448 100178267 -1 99919874 C T 1
0 0 52602 19 39863323 39934626 -1 39980229 G A 1
0 0 5299 7 135092363 135170795 -1 135129101 G A 1
0 0 5299 7 135092363 135170795 -1 135148481 G A 1
0 0 5299 7 135092363 135170795 -1 135170972 T C 1
0 0 53 3 49940007 50100045 1 49900794 C G -1
0 0 53 3 49940007 50100045 1 49940636 C T -1
0 0 53116 10 94688154 94853073 1 94813990 C T 1
0 0 53116 10 94688154 94853073 1 94815312 C G 1
0 0 53116 10 94688154 94853073 1 94815485 C T 1
0 0 53116 10 94688154 94853073 1 94842865 C T 1
0 0 53116 10 94688154 94853073 1 94861346 A G 1
0 0 5314 10 68477998 68527523 -1 68471944 A G 1
0 0 5317 12 113816738 113966325 -1 113874585 C T 1
0 0 53271 14 106011922 106012420 -1 106010489 G C -1
0 0 53361 13 48041751 48042184 -1 48117794 T A -1
0 0 53361 13 48041751 48042184 -1 48126923 G C -1
0 0 534 17 42659284 42667006 1 42585025 G C -1
0 0 5347 13 45954465 46052759 -1 45972887 A C -1
0 0 537 5 6599239 6633291 -1 6612130 A G -1
0 0 537 5 6599239 6633291 -1 6614850 G A -1
0 0 537 5 6599239 6633291 -1 6614856 A G -1
0 0 53767 15 80999593 80999981 -1 80976374 A G -1
0 0 53872 16 29272220 29272772 1 29260233 T C -1
0 0 54266 1 147258885 147517875 -1 147273712 G T 1
0 0 54266 1 147258885 147517875 -1 147316240 A G 1
0 0 5468 20 49046246 49096960 1 49009007 T C -1
0 0 5468 20 49046246 49096960 1 49278429 G A 1
0 0 5479 20 49936336 49953885 1 49831913 C T 1
0 0 54946 17 45895783 45898798 1 45592338 C A -1
0 0 54946 17 45895783 45898798 1 45661310 C A -1
0 0 54946 17 45895783 45898798 1 45681376 T C -1
0 0 54946 17 45895783 45898798 1 45681424 C T -1
0 0 54946 17 45895783 45898798 1 45681519 A G -1
0 0 54946 17 45895783 45898798 1 45681682 T C -1
0 0 54946 17 45895783 45898798 1 45755252 G A -1
0 0 54946 17 45895783 45898798 1 45834793 G C -1
0 0 54946 17 45895783 45898798 1 45836192 T G -1
0 0 54946 17 45895783 45898798 1 45870122 A G -1
0 0 54946 17 45895783 45898798 1 45873979 C A -1
0 0 54946 17 45895783 45898798 1 45883234 T C -1
0 0 54946 17 45895783 45898798 1 45894238 C G -1
0 0 54946 17 45895783 45898798 1 45905997 G A -1
0 0 54946 17 45895783 45898798 1 45909066 G A -1
0 0 54946 17 45895783 45898798 1 45923862 G A -1
0 0 54946 17 45895783 45898798 1 45924013 C T -1
0 0 54946 17 45895783 45898798 1 45924696 A C -1
0 0 54946 17 45895783 45898798 1 45924772 A G -1
0 0 54946 17 45895783 45898798 1 45934459 A C -1
0 0 54946 17 45895783 45898798 1 45935658 T C -1
0 0 54946 17 45895783 45898798 1 45936897 T C -1
0 0 54946 17 45895783 45898798 1 45937018 G A -1
0 0 54946 17 45895783 45898798 1 45949112 A G -1
0 0 54946 17 45895783 45898798 1 45949124 A C -1
0 0 54946 17 45895783 45898798 1 45977022 T C -1
0 0 54946 17 45895783 45898798 1 45990872 C T -1
0 0 54946 17 45895783 45898798 1 45995618 A G -1
0 0 54946 17 45895783 45898798 1 45995779 G C -1
0 0 54946 17 45895783 45898798 1 46004161 T C -1
0 0 54946 17 45895783 45898798 1 46011571 G C -1
0 0 54946 17 45895783 45898798 1 46012361 G A -1
0 0 54946 17 45895783 45898798 1 46012669 C G -1
0 0 54946 17 45895783 45898798 1 46026250 C T -1
0 0 54946 17 45895783 45898798 1 46033522 A T -1
0 0 54946 17 45895783 45898798 1 46038520 C T -1
0 0 54946 17 45895783 45898798 1 46038872 G A -1
0 0 54946 17 45895783 45898798 1 46054226 A G -1
0 0 54946 17 45895783 45898798 1 46061824 G C -1
0 0 54946 17 45895783 45898798 1 46088069 C T -1
0 0 54946 17 45895783 45898798 1 46088228 C A -1
0 0 54946 17 45895783 45898798 1 46101518 G A -1
0 0 54946 17 45895783 45898798 1 46107442 C G -1
0 0 54946 17 45895783 45898798 1 46118649 C G -1
0 0 54946 17 45895783 45898798 1 46160006 G C -1
0 0 54946 17 45895783 45898798 1 46173250 G A -1
0 0 54946 17 45895783 45898798 1 46192598 T A -1
0 0 54946 17 45895783 45898798 1 46192927 G T -1
0 0 54946 17 45895783 45898798 1 46193443 A G -1
0 0 54946 17 45895783 45898798 1 46207176 G A -1
0 0 54946 17 45895783 45898798 1 46266564 A G -1
0 0 54946 17 45895783 45898798 1 46266731 G C -1
0 0 54946 17 45895783 45898798 1 46267090 T C -1
0 0 54946 17 45895783 45898798 1 46267444 T G -1
0 0 54946 17 45895783 45898798 1 46290087 G C -1
0 0 5526 6 13574227 13615158 1 13574259 G C 1
0 0 5558 6 42960754 42963880 1 42979275 G C -1
0 0 55699 22 42138060 42139726 1 42144667 A G -1
0 0 55699 22 42138060 42139726 1 42145327 G A -1
0 0 55732 6 29871895 29873783 -1 29872172 A G 1
0 0 55732 6 29871895 29873783 -1 29872220 G A 1
0 0 55732 6 29871895 29873783 -1 29872658 A G 1
0 0 55732 6 29871895 29873783 -1 29872707 T C 1
0 0 55732 6 29871895 29873783 -1 29872871 T C 1
0 0 55732 6 29871895 29873783 -1 29873166 C T 1
0 0 55732 6 29871895 29873783 -1 29873767 C T 1
0 0 55775 14 106025145 106025630 -1 105994477 A G 1
0 0 55838 14 106088122 106088573 -1 106073370 C T -1
0 0 55839 14 106107972 106108464 -1 106073373 C A -1
0 0 5604 16 58707131 58734342 -1 58727546 A C 1
0 0 5604 16 58707131 58734342 -1 58727676 G C 1
0 0 5604 16 58707131 58734342 -1 58727997 T C 1
0 0 5618 5 132440440 132508719 -1 132491073 T C 1
0 0 5694 19 45815410 45863194 -1 45805849 C T 1
0 0 5694 19 45815410 45863194 -1 46082492 G A -1
0 0 5694 19 45815410 45863194 -1 46090809 C A -1
0 0 57940 5 150427904 150429906 1 150422173 G C 1
0 0 58292 3 15970003 15971253 1 15649434 T C 1
0 0 58292 3 15970003 15971253 1 15658998 G C 1
0 0 58292 3 15970003 15971253 1 15660350 G A 1
0 0 58292 3 15970003 15971253 1 15768802 A G 1
0 0 58292 3 15970003 15971253 1 15816067 G A 1
0 0 58292 3 15970003 15971253 1 15816840 G A 1
0 0 58292 3 15970003 15971253 1 15858922 A C 1
0 0 58292 3 15970003 15971253 1 15873004 G C 1
0 0 58292 3 15970003 15971253 1 15873647 C T 1
0 0 58358 6 166342626 166351466 1 166334024 G A -1
0 0 5839 14 60091911 60169133 1 59983228 T C 1
0 0 5839 14 60091911 60169133 1 60161783 C G -1
0 0 58697 21 25646113 25654671 -1 25607316 G A 1
0 0 5890 12 71125085 71441898 -1 71125316 G C 1
0 0 5892 12 69738860 69823204 1 69840865 T C -1
0 0 5897 7 141776674 141781691 1 141737464 G C 1
0 0 59301 7 135170816 135172414 1 135151578 G A 1
0 0 59301 7 135170816 135172414 1 135170227 G A -1
0 0 5933 19 4969113 5153598 1 5037219 C T -1
0 0 5933 19 4969113 5153598 1 5075023 C T 1
0 0 59570 1 212559363 212561399 1 212527049 T C 1
0 0 59720 11 78223815 78225909 1 78213824 C T -1
0 0 59720 11 78223815 78225909 1 78277771 T C -1
0 0 59825 1 161368022 161371964 1 161324098 T G -1
0 0 59825 1 161368022 161371964 1 161359416 T C -1
0 0 59825 1 161368022 161371964 1 161367667 A C -1
0 0 59825 1 161368022 161371964 1 161367719 A G -1
0 0 59825 1 161368022 161371964 1 161374465 G T -1
0 0 59825 1 161368022 161371964 1 161390226 T G -1
0 0 59825 1 161368022 161371964 1 161390645 C T -1
0 0 60022 1 150629814 150635733 1 150697476 C T 1
0 0 601 5 138610967 138935034 1 138762247 C T -1
0 0 601 5 138610967 138935034 1 138905629 A G 1
0 0 60159 17 48944890 48945763 1 48908231 A C -1
0 0 60176 10 133013653 133015790 1 133021236 G A 1
0 0 60184 6 32894299 32903758 1 32894110 G C 1
0 0 60184 6 32894299 32903758 1 32894493 A C 1
0 0 60184 6 32894299 32903758 1 32894927 G A 1
0 0 6063 15 39934115 40035591 1 39919849 G A -1
0 0 60750 10 29947145 29951699 1 29947001 G C -1
0 0 60750 10 29947145 29951699 1 29947592 C A -1
0 0 60767 10 133012874 133013524 1 133021236 G A 1
0 0 6087 3 134477706 134486716 -1 134505595 G C 1
0 0 6119 19 10553085 10566031 -1 10543787 A G -1
0 0 6345 1 10032832 10181239 1 10251925 A C -1
0 0 6345 1 10032832 10181239 1 10253753 T C -1
0 0 6345 1 10032832 10181239 1 10387565 G A -1
0 0 6368 20 35701347 35742312 -1 35664084 C T -1
0 0 6368 20 35701347 35742312 -1 35718801 A G -1
0 0 6368 20 35701347 35742312 -1 35772093 C G -1
0 0 6368 20 35701347 35742312 -1 35855251 G C -1
0 0 6418 3 16174680 16231992 1 16060631 G T -1
0 0 6443 5 142108779 142154440 1 142192400 T C 1
0 0 6443 5 142108779 142154440 1 142200557 T G 1
0 0 6595 16 68310951 68360852 1 68365687 C G 1
0 0 6655 1 15490832 15526534 -1 15506048 T C 1
0 0 6729 16 15865719 15888625 -1 15875078 C T -1
0 0 6736 22 23856703 23886312 1 23951789 T G -1
0 0 676 6 13786557 13814568 -1 13769793 G C 1
0 0 6796 8 28089673 28191156 1 28078018 C T 1
0 0 6869 1 196888014 196918795 1 196686150 C G -1
0 0 6869 1 196888014 196918795 1 196701627 C T -1
0 0 6869 1 196888014 196918795 1 196704863 A C -1
0 0 6899 12 21526296 21541249 1 21561415 C T 1
0 0 6923 1 52056199 52090716 1 52154218 A G -1
0 0 6923 1 52056199 52090716 1 52184978 T G -1
0 0 7005 7 77793728 77798434 -1 77735219 A C -1
0 0 7005 7 77793728 77798434 -1 77746151 C T -1
0 0 7005 7 77793728 77798434 -1 77747005 G T -1
0 0 7005 7 77793728 77798434 -1 77822495 C T -1
0 0 7018 6 73461578 73509236 1 73521136 C T 1
0 0 7018 6 73461578 73509236 1 73521409 G T -1
0 0 7018 6 73461578 73509236 1 73528788 A G 1
0 0 715 4 25377263 25418498 1 25406052 T C -1
0 0 7160 2 99400475 99490035 -1 99490335 C A -1
0 0 7161 2 98997261 99154964 -1 98787451 G A 1
0 0 7166 2 108449107 108509415 1 108363246 A C 1
0 0 7166 2 108449107 108509415 1 108448548 T C 1
0 0 7166 2 108449107 108509415 1 108448667 C T -1
0 0 7166 2 108449107 108509415 1 108464167 A G 1
0 0 7166 2 108449107 108509415 1 108464458 G T 1
0 0 7166 2 108449107 108509415 1 108620833 T G -1
0 0 7191 13 52455429 52476628 1 52374918 C A -1
0 0 7200 13 49495610 49528981 1 49453134 C A -1
0 0 7200 13 49495610 49528981 1 49533768 G A -1
0 0 7295 2 130151392 130182750 -1 130144621 C T 1
0 0 7295 2 130151392 130182750 -1 130225034 C T 1
0 0 7330 9 120388875 120580170 -1 120735356 T C 1
0 0 7337 9 99906654 99974534 1 100028264 T C 1
0 0 7337 9 99906654 99974534 1 99998283 G C 1
0 0 738 14 87837820 87993665 -1 87952424 G A 1
0 0 738 14 87837820 87993665 -1 87954167 G T 1
0 0 7412 6 43477523 43506556 1 43477940 G A 1
0 0 7469 8 63014881 63039407 -1 63029281 C T 1
0 0 7469 8 63014881 63039407 -1 63100013 G A -1
0 0 7469 8 63014881 63039407 -1 63111146 A C -1
0 0 7538 15 41848146 41894053 -1 41895294 T C -1
0 0 7538 15 41848146 41894053 -1 41906836 G A -1
0 0 755 3 52777595 52792068 1 52771077 A G 1
0 0 7588 10 102461395 102477045 1 102491701 G A 1
0 0 7588 10 102461395 102477045 1 102502871 G A 1
0 0 7588 10 102461395 102477045 1 102503918 T C 1
0 0 7588 10 102461395 102477045 1 102534471 C A 1
0 0 763 3 53846568 53865794 1 53844570 T A 1
0 0 7635 2 169584342 169641406 1 169694695 C G 1
0 0 7695 4 119494397 119628804 -1 119314531 C T -1
0 0 7695 4 119494397 119628804 -1 119336584 T C -1
0 0 7698 4 75913660 75941013 -1 75916182 A G 1
0 0 7698 4 75913660 75941013 -1 76012331 T C -1
0 0 7698 4 75913660 75941013 -1 76066298 A G -1
0 0 7699 4 76107562 76148485 -1 76148580 T A 1
0 0 7699 4 76107562 76148485 -1 76155748 G T 1
0 0 7699 4 76107562 76148485 -1 76156010 T C 1
0 0 7699 4 76107562 76148485 -1 76156273 G A 1
0 0 7699 4 76107562 76148485 -1 76156322 T C 1
0 0 7699 4 76107562 76148485 -1 76158349 G T 1
0 0 7699 4 76107562 76148485 -1 76186409 G A 1
0 0 7715 4 105682627 105895986 -1 105708873 G C -1
0 0 7824 12 48653211 48682238 -1 48682200 C G -1
0 0 7934 15 75355207 75368612 -1 75450661 G A 1
0 0 7934 15 75355207 75368612 -1 75552756 T C 1
0 0 7934 15 75355207 75368612 -1 75579285 A G 1
0 0 798 10 95605941 95656711 -1 95865342 G A 1
0 0 8183 21 33432485 33479974 -1 33451896 C T -1
0 0 8298 1 169132531 169367948 -1 169145397 T A 1
0 0 8298 1 169132531 169367948 -1 169186383 G A 1
0 0 8298 1 169132531 169367948 -1 169193624 A G 1
0 0 8358 1 150794880 150809577 -1 150653553 C T 1
0 0 8358 1 150794880 150809577 -1 150977586 G A 1
0 0 8484 2 73729104 73737400 -1 73728413 G A -1
0 0 8484 2 73729104 73737400 -1 73780218 A G -1
0 0 8795 6 78867551 78946440 1 79035151 C A 1
0 0 8797 6 83512534 83525704 1 83380971 A T -1
0 0 8833 7 996986 1138260 -1 1176377 C T -1
0 0 8850 7 76609986 76627279 -1 76592864 G T -1
0 0 8850 7 76609986 76627279 -1 76600823 T C -1
0 0 8850 7 76609986 76627279 -1 76619573 C T -1
0 0 8850 7 76609986 76627279 -1 76626616 C T -1
0 0 8850 7 76609986 76627279 -1 76645083 C A -1
0 0 8867 7 134986508 135147963 1 135129101 G A 1
0 0 8899 23 46447292 46497422 1 46590591 A G 1
0 0 8900 23 47142071 47145466 -1 47101292 C T 1
0 0 8900 23 47142071 47145466 -1 47102782 T C 1
0 0 9020 9 101028727 101325135 1 101349356 T C -1
0 0 9020 9 101028727 101325135 1 101350308 A G -1
0 0 9020 9 101028727 101325135 1 101355374 C T -1
0 0 9039 9 133351758 133356676 -1 133432759 G A 1
0 0 9043 9 133406059 133418096 -1 133438003 C G 1
0 0 9062 9 136440096 136483759 -1 136483046 G C -1
0 0 911 6 34792083 34877514 1 34673638 G C 1
0 0 911 6 34792083 34877514 1 34745723 G A 1
0 0 911 6 34792083 34877514 1 34746432 T A 1
0 0 911 6 34792083 34877514 1 34774140 A G 1
0 0 911 6 34792083 34877514 1 34792385 G C 1
0 0 911 6 34792083 34877514 1 34792451 C T 1
0 0 9136 11 34853094 34916379 -1 34910042 T G -1
0 0 9136 11 34853094 34916379 -1 34916909 A G -1
0 0 9136 11 34853094 34916379 -1 34936269 A G -1
0 0 9144 11 57325986 57335892 -1 57345990 C T -1
0 0 9200 11 124954121 125041489 1 124984370 G A 1
0 0 93 17 58301228 58328795 -1 58517099 G A -1
0 0 93 17 58301228 58328795 -1 58659298 A G 1
0 0 9310 11 112226367 112269955 1 112250394 T C -1
0 0 9317 12 122920951 122981649 -1 123013706 G T -1
0 0 9393 10 114821744 114899832 1 114822321 G C -1
0 0 9393 10 114821744 114899832 1 114858318 G A -1
0 0 9412 2 190343570 190371665 1 190210294 A G 1
0 0 9444 10 118674167 118755249 -1 118713085 T C 1
0 0 9460 2 130181737 130190729 1 130209089 G T 1
0 0 950 23 46599251 46759118 -1 46758886 C G 1
0 0 9629 16 4461691 4495763 -1 4486620 T C -1
0 0 9699 11 124865432 124881471 1 124954085 C T 1
0 0 9699 11 124865432 124881471 1 124984370 G A 1
0 0 9699 11 124865432 124881471 1 124984567 T G 1
0 0 973 14 92044496 92106621 -1 92068003 T C 1
0 0 9843 14 22766522 22773042 1 22767315 C T -1
0 0 985 16 20536226 20576427 -1 20576204 C T -1
0 0 9853 16 25236001 25257845 -1 25279761 C T -1
0 0 9965 6 73489308 73525587 -1 73521409 G T -1
0 0 9992 8 123416726 123470028 1 123431774 C T 1
0 0 9992 8 123416726 123470028 1 123449093 G A 1
0 0 9992 8 123416726 123470028 1 123449207 A G 1
0 0 9992 8 123416726 123470028 1 123451240 G A 1
1 0 10004 16 31393335 31426505 1 31393250 T C 1
1 0 10057 14 23953734 23969279 1 23988781 G C -1
1 0 10067 23 2934045 2968475 -1 2964339 A G -1
1 0 10168 1 6205475 6221299 1 6206026 A G -1
1 0 10185 20 49293394 49484297 -1 49475539 A G 1
1 0 10244 8 22048995 22082527 1 22060578 A C -1
1 0 1035 23 48539714 48562609 1 48539726 G A -1
1 0 10370 9 35791003 35809732 1 35801439 C T -1
1 0 10412 21 43053191 43076943 -1 42993347 G A -1
1 0 10525 8 144423601 144428563 -1 144428520 G C 1
1 0 10855 2 55172547 55232563 -1 55232237 T G 1
1 0 11474 9 104781006 104928155 -1 104861469 T G 1
1 0 11568 10 52765380 52772784 -1 52768476 G A -1
1 0 11613 10 75210154 75231448 1 75210855 G C -1
1 0 11657 10 113679162 113730907 1 113679635 C T 1
1 0 11729 14 102922663 102933596 1 102922602 C G -1
1 0 11729 14 102922663 102933596 1 102922615 C T 1
1 0 11729 14 102922663 102933596 1 102922666 G C 1
1 0 11892 17 35243071 35273655 1 35244527 G A 1
1 0 119 17 7288263 7294639 -1 7280727 G A 1
1 0 11930 12 57055643 57088063 -1 57078761 C T 1
1 0 11937 22 37367960 37427479 -1 37326849 A G -1
1 0 11946 15 32718004 32745106 1 32718211 G A 1
1 0 12064 19 1103982 1106791 1 1104079 G A 1
1 0 12119 19 55158661 55166722 -1 55166155 C T 1
1 0 12144 17 3510502 3557812 -1 3559264 C T 1
1 0 12204 16 2204248 2209453 1 2205762 A C 1
1 0 12480 23 1403139 1453762 -1 1411420 C T -1
1 0 12514 5 177303799 177306949 1 177303774 A T 1
1 0 12514 5 177303799 177306949 1 177304451 G T 1
1 0 12590 16 29995715 30005793 1 30004016 A G -1
1 0 12775 17 15945130 15975746 1 15976596 C T -1
1 0 129 17 50543058 50555852 1 50547162 A C -1
1 0 12990 1 46203334 46221256 1 46198577 A G 1
1 0 13298 10 45727200 45792964 1 45727041 C G -1
1 0 13298 10 45727200 45792964 1 45788964 G A -1
1 0 13571 3 196706277 196712250 -1 196712253 C G 1
1 0 13590 4 1617915 1684313 -1 1684252 T G -1
1 0 13662 11 66435075 66466738 -1 66438698 C T -1
1 0 13735 7 2679522 2775500 1 2679481 G A 1
1 0 13795 19 867630 893218 -1 893080 A G -1
1 0 13814 18 14057457 14132490 -1 14132403 G C 1
1 0 13838 10 131901008 131959834 1 131938153 T C 1
1 0 13893 1 1373730 1375207 -1 1374801 A G 1
1 0 1391 23 119399336 119454478 1 119399336 A G 1
1 0 14037 11 63573195 63616883 -1 63609847 G C -1
1 0 14228 12 630858 664196 1 643194 G A 1
1 0 14518 19 57803841 57814913 -1 57803905 G A 1
1 0 1456 1 100345001 100520277 1 100352622 G C -1
1 0 14894 2 241734602 241768816 1 241734689 A G -1
1 0 1495 19 9959561 10010504 -1 10002012 A G 1
1 0 15035 1 109504178 109509738 -1 109509517 A G 1
1 0 15062 17 7259903 7263983 -1 7261180 C T -1
1 0 15091 10 124007668 124093598 -1 124044156 G A 1
1 0 15091 10 124007668 124093598 -1 124048802 T A -1
1 0 15236 7 156388922 156640654 -1 156615662 T C 1
1 0 15314 19 52860851 52897693 -1 52897507 C A -1
1 0 15377 21 44849585 44873903 -1 44851537 C T -1
1 0 15928 11 554850 560738 -1 536170 C A 1
1 0 16076 7 77310751 77416349 -1 77397143 G A 1
1 0 16175 5 82273320 82278396 -1 82273269 C T -1
1 0 16234 22 23179704 23318037 1 23305658 T C -1
1 0 16310 22 37065436 37109713 -1 37075250 G A 1
1 0 16466 9 136363956 136373681 -1 136363451 G A 1
1 0 16581 1 19975431 19980416 -1 19979653 G C 1
1 0 16599 19 9323772 9351162 1 9324196 C T -1
1 0 16610 7 76397518 76442071 1 76430915 G A 1
1 0 1663 16 15060033 15094311 -1 15094055 G C 1
1 0 16687 22 43999211 44172939 1 44024618 A G -1
1 0 16687 22 43999211 44172939 1 44024622 A C -1
1 0 1675 1 46188683 46220305 -1 46198577 A G 1
1 0 17121 6 32628179 32647062 1 32658715 G A -1
1 0 17314 19 23525631 23687220 -1 23687308 G T 1
1 0 17426 12 56041351 56044697 1 56042145 C G -1
1 0 17810 16 55802851 55833337 -1 55832988 T C -1
1 0 19519 1 244969682 245127164 1 244970360 G C -1
1 0 19533 6 149916878 149923121 -1 149864373 T A 1
1 0 19534 1 197902630 197907367 1 197902889 G T -1
1 0 19590 20 63359988 63371177 1 63363313 C T -1
1 0 19590 20 63359988 63371177 1 63365354 A G -1
1 0 19642 2 241809065 241817413 1 241809832 C T 1
1 0 19682 1 23380909 23424748 -1 23383982 C T -1
1 0 1972 15 42491233 42545356 1 42093009 C T 1
1 0 19801 6 31268749 31272130 -1 31272264 C T -1
1 0 19841 6 30102897 30113090 -1 30289159 C T -1
1 0 19848 6 29975112 29978410 1 29977115 G C 1
1 0 19909 2 74918148 74938418 1 74958729 G T 1
1 0 19933 7 155952030 155968391 1 155961234 T A 1
1 0 19947 19 43967862 43998326 1 43984200 G A -1
1 0 19981 16 89818179 89871319 1 89845640 G A 1
1 0 20222 14 24399003 24419283 1 24402720 C T 1
1 0 20285 6 29941260 29949572 1 29948691 C T -1
1 0 2086 19 17226213 17229219 1 17226216 C T 1
1 0 2086 19 17226213 17229219 1 17226604 G T 1
1 0 221 8 133454848 133571926 -1 133570254 C T 1
1 0 2229 22 50502949 50507702 -1 50507370 C G 1
1 0 22840 17 15976560 15999717 -1 15976596 C T 1
1 0 22874 2 241800916 241801907 -1 241769948 A G 1
1 0 23 23 2691187 2741309 1 2691271 G A 1
1 0 23 23 2691187 2741309 1 2727325 G C 1
1 0 2303 14 22598290 22612963 1 22599022 T C -1
1 0 23128 1 1449689 1470163 1 1456829 G C 1
1 0 2349 14 60144119 60169856 -1 60165528 G C -1
1 0 2397 14 24138959 24141591 -1 24141524 T C -1
1 0 2443 20 58985686 59008238 -1 59004895 A G -1
1 0 2456 20 62952707 62969585 1 62968838 A G -1
1 0 2462 20 63343223 63378401 -1 63363313 C T -1
1 0 2462 20 63343223 63378401 -1 63365354 A G -1
1 0 2510 20 3071620 3072517 1 3069244 T G 1
1 0 25158 13 21302862 21362139 -1 21298170 C G 1
1 0 25189 6 160698288 160700632 1 160698207 C T 1
1 0 25440 6 2989335 2999604 -1 2999467 C G 1
1 0 2621 23 48890197 48903402 1 48891182 C T 1
1 0 26272 2 199760544 199851192 -1 199844376 T C -1
1 0 26628 10 80529592 80536026 -1 80535642 G A -1
1 0 26766 2 118132128 118222250 -1 118186225 T A 1
1 0 2681 13 111114559 111305737 1 111280751 C G 1
1 0 26821 1 6204840 6205780 -1 6199030 C T 1
1 0 27079 11 1688297 1689056 1 1683392 T C 1
1 0 2708 16 30104810 30113537 -1 30113948 C T 1
1 0 27139 2 161244720 161249095 1 161244750 G A -1
1 0 2774 16 16232506 16300806 1 16232314 G A -1
1 0 27926 7 22854126 22872952 1 22854176 C G 1
1 0 2793 16 527712 554636 1 536144 T C -1
1 0 2850 15 80152490 80186946 1 80152950 G C 1
1 0 2880 8 17156482 17224799 1 17156365 T C 1
1 0 29108 6 2851230 2881407 -1 2876301 G A -1
1 0 29782 22 37080068 37082847 1 37075250 G A 1
1 0 3005 19 3052910 3063107 -1 3062859 T C -1
1 0 30549 15 32593456 32607310 1 32615183 A G -1
1 0 30842 20 50299876 50321486 -1 50305355 C G 1
1 0 3097 19 5158495 5340812 -1 5293037 C T 1
1 0 311 19 35319261 35347361 1 35309759 G T -1
1 0 3161 19 35292125 35313807 1 35309759 G T -1
1 0 31929 16 11927259 11976643 -1 11976565 T C -1
1 0 32213 6 106705328 106788148 -1 106772372 A T 1
1 0 32766 2 8461703 8592903 -1 8583543 G A -1
1 0 32771 23 1401769 1414028 1 1411420 C T -1
1 0 32902 2 74919555 74924846 -1 74958729 G T 1
1 0 33014 21 41711520 41715775 -1 41742040 T C -1
1 0 3311 7 150243916 150323725 -1 150336793 A G 1
1 0 33410 1 229087114 229205428 -1 229223589 A C 1
1 0 337 23 154401236 154412112 -1 154412069 T C 1
1 0 34186 1 16887577 16889725 -1 16904253 G A 1
1 0 3469 10 3137728 3172841 -1 3138124 T C 1
1 0 3490 10 80454265 80533124 1 80535642 G A -1
1 0 36537 2 142131178 142137830 -1 142131585 C A -1
1 0 37428 5 96784777 96785999 1 96778789 T C -1
1 0 3783 11 2899721 2925246 1 2902596 A G 1
1 0 3998 6 37630679 37699306 -1 37697712 G A 1
1 0 40320 8 20953127 20968904 1 20570782 C T -1
1 0 40366 8 20972021 20995119 1 20570782 C T -1
1 0 40498 5 167721363 167729124 1 167379024 A C -1
1 0 40785 5 173707614 173746279 -1 173689522 T C 1
1 0 41014 5 173642519 173658194 1 173642283 A C 1
1 0 4109 5 103548855 103562790 -1 103562198 T C 1
1 0 41253 8 20941428 20950175 1 20570782 C T -1
1 0 41721 11 557595 560107 1 536170 C A 1
1 0 41922 8 143573490 143577397 1 143578405 C G 1
1 0 43400 12 47377638 47420192 1 47377646 T G -1
1 0 4422 2 61187463 61471087 -1 61177770 C G 1
1 0 4423 2 232606057 232682776 1 232655544 A T 1
1 0 44236 14 73787355 73803300 1 73787509 G A 1
1 0 448 20 44942130 44960397 -1 44960400 G A -1
1 0 45156 1 109693117 109693742 -1 109713453 A G -1
1 0 4529 1 52602371 52609051 1 52602758 G A -1
1 0 45491 22 46761893 46762564 -1 46762282 G A -1
1 0 45605 16 79676048 79809716 1 79722300 A T -1
1 0 45921 12 51817899 51848718 -1 51849336 C G 1
1 0 46521 16 13246232 13563388 1 13246161 C T 1
1 0 4701 1 46175073 46185962 1 46183374 C T 1
1 0 4728 1 24502351 24541040 1 24541244 G T 1
1 0 4758 2 3594832 3644644 1 3605689 C T -1
1 0 4770 11 119015712 119018691 -1 119018668 G A 1
1 0 48277 19 19757366 19776423 -1 19776299 C T -1
1 0 48577 19 44882027 44890876 -1 44857967 G A -1
1 0 48926 18 57169615 57171194 -1 57424086 G A -1
1 0 48960 19 4454014 4455286 1 4457521 C G -1
1 0 4915 14 94127779 94130253 -1 94129652 T C -1
1 0 4941 14 90267860 90331969 -1 90330430 A G 1
1 0 5035 1 177923956 177984303 -1 177969302 G A 1
1 0 50748 14 101948309 101949568 1 101948430 G A 1
1 0 51250 4 145335263 145343559 -1 145339230 T C -1
1 0 51396 3 197505262 197506986 -1 197509972 C G 1
1 0 51435 9 4676600 4679537 -1 4679078 C G 1
1 0 51709 16 29225594 29226348 -1 29228568 C G -1
1 0 51977 15 101495052 101495567 -1 101528455 G A 1
1 0 5198 10 123706207 123940267 -1 123914031 T G -1
1 0 52362 13 112686769 112689859 -1 112716652 C G -1
1 0 52390 12 69326574 69331882 -1 69338325 T C -1
1 0 52586 16 30110895 30111955 1 30113948 C T 1
1 0 527 8 2045046 2165552 1 2134028 G C 1
1 0 52865 17 36001419 36011618 1 36001503 G A 1
1 0 5292 9 32384603 32454769 1 32454350 T A 1
1 0 537 5 6599239 6633291 -1 6604092 A G -1
1 0 5372 12 54121277 54189008 -1 54182016 C A -1
1 0 54207 17 36012504 36012891 1 36001503 G A 1
1 0 5526 6 13574227 13615158 1 13574703 C T 1
1 0 5589 11 61746493 61757655 -1 61756894 A C 1
1 0 5590 11 61752636 61788518 1 61757502 G A -1
1 0 5608 13 99606669 99909459 1 99893054 A G 1
1 0 5638 17 75109952 75130272 1 75114184 C T -1
1 0 5651 19 54173412 54189882 -1 54173409 C G 1
1 0 5669 2 113157325 113209396 1 113185893 A G 1
1 0 57332 10 112810031 112821871 -1 112821434 G A -1
1 0 5787 13 113158648 113172386 1 113153960 C G -1
1 0 57981 10 63630672 63655769 1 63630874 T C -1
1 0 59491 12 13582031 13620077 1 13582210 C T 1
1 0 59581 11 88337839 88428548 1 88337904 A G 1
1 0 59833 11 308408 315272 1 308426 G C 1
1 0 59923 22 36220572 36222144 1 36221856 C G -1
1 0 60026 21 45555648 45556595 1 45556197 C T -1
1 0 60158 6 106702878 106718275 1 106772372 A T 1
1 0 60176 10 133013653 133015790 1 133021236 G A 1
1 0 6065 15 57375967 57550717 1 57402656 C T 1
1 0 60679 2 37489453 37605384 1 37466947 T C 1
1 0 6206 19 44846175 44889223 1 44857967 G A -1
1 0 6236 6 106629578 106668417 1 106629627 G A -1
1 0 6531 11 6234765 6244479 1 6235438 A G 1
1 0 6573 17 75845699 75856507 -1 75848667 A G 1
1 0 6584 17 6755447 6775647 1 6755827 G C 1
1 0 6734 22 23957414 23961195 -1 23951469 C T 1
1 0 6758 12 29500840 29784759 -1 29665271 C T -1
1 0 6828 1 109733932 109741038 -1 109713453 A G -1
1 0 6832 1 109279556 109283186 -1 109274968 G T 1
1 0 6835 1 109309568 109397918 -1 109274968 G T 1
1 0 6847 18 10525905 10552764 1 10526266 C G -1
1 0 6861 2 11677595 11827409 1 11784824 T C 1
1 0 6899 12 21526296 21541249 1 21527675 C G -1
1 0 6978 9 71683366 71816690 -1 71683804 A G -1
1 0 7109 16 82147798 82170224 -1 82170181 C G -1
1 0 7186 3 58008398 58172251 1 58168600 C T 1
1 0 7196 13 46553168 46753040 1 46675725 A G 1
1 0 7224 7 6577434 6589374 1 6577616 C G 1
1 0 7250 15 78104606 78131535 -1 78131254 A C 1
1 0 7339 9 127794597 127814327 1 127803090 G A 1
1 0 7386 9 35808045 35812272 -1 35801439 C T -1
1 0 745 6 149218641 149411613 1 149170778 G A 1
1 0 7909 15 45092650 45114172 -1 44720642 T G 1
1 0 8001 16 56989485 57083531 1 57363977 G A 1
1 0 8026 16 89948697 89968060 1 89949552 G C 1
1 0 8157 21 44300051 44327376 1 44555784 C G 1
1 0 8292 1 109249539 109275751 1 109274968 G T 1
1 0 8752 6 2663629 2770330 -1 2680498 C T 1
1 0 8785 6 37005646 37029069 1 37169913 A G 1
1 0 8849 7 76048051 76067508 1 76217135 A G 1
1 0 8850 7 76609986 76627279 -1 76430915 G A -1
1 0 8994 8 144409742 144416844 -1 144416618 C T 1
1 0 8995 8 143574785 143578649 -1 143578087 G T -1
1 0 9076 10 16590611 16817463 -1 16817401 G C 1
1 0 909 16 2025356 2039026 1 2039005 G A 1
1 0 9092 10 87050202 87094843 -1 87060835 A T 1
1 0 9134 11 6926404 7001004 1 6926908 T G 1
1 0 9320 12 124911604 124917368 -1 124914621 T C 1
1 0 95 7 95297676 95324532 -1 95324583 G A -1
1 0 9594 5 96525267 96779595 1 96778789 T C -1
1 0 9691 16 84145287 84178767 1 84075190 G A 1
1 0 9716 2 241776822 241804287 1 241769948 A G 1
1 0 985 16 20536226 20576427 -1 20575969 C A -1
1 0 9921 1 111117163 111140203 -1 111139496 C T -1
1 0 9948 10 102714538 102743492 1 102727625 C T 1
