0 0 10261 11 78095244 78139660 -1 78022955 G C -1
0 0 10261 11 78095244 78139660 -1 78039957 G A -1
0 0 10261 11 78095244 78139660 -1 78139778 C T -1
0 0 10282 17 48892765 48895871 1 48892897 T C 1
0 0 10305 17 45393902 45434421 -1 45410208 C A -1
0 0 10305 17 45393902 45434421 -1 45430937 A G -1
0 0 10305 17 45393902 45434421 -1 45431944 A G -1
0 0 10305 17 45393902 45434421 -1 45431950 C T -1
0 0 10305 17 45393902 45434421 -1 45640437 T C -1
0 0 10305 17 45393902 45434421 -1 45740856 C A -1
0 0 10305 17 45393902 45434421 -1 45745145 G A -1
0 0 10504 3 46979666 47009704 1 46953752 C T 1
0 0 10504 3 46979666 47009704 1 46959553 T C -1
0 0 11288 5 96875986 96919703 1 96958225 G A 1
0 0 11466 9 34329506 34343711 1 34171662 T C 1
0 0 11477 7 128476729 128506602 1 128673667 G A 1
0 0 11617 10 117277274 117375440 -1 117374547 T C -1
0 0 11617 10 117277274 117375440 -1 117375453 A G -1
0 0 11787 10 73110375 73131828 1 73229523 T C -1
0 0 11787 10 73110375 73131828 1 73414131 A G -1
0 0 11797 18 74250846 74291973 -1 74291840 G A -1
0 0 1181 17 19648136 19685760 1 19607794 G A 1
0 0 11825 11 8693351 8910951 -1 8839996 G T 1
0 0 11830 11 8911139 8920084 1 9004242 C T -1
0 0 11842 16 23835983 24220611 1 23789042 T A -1
0 0 12319 16 74671855 74700960 -1 74666730 G A 1
0 0 12488 5 178711512 178730659 -1 178672832 T C 1
0 0 13084 1 15152532 15220478 1 15142965 A G -1
0 0 13084 1 15152532 15220478 1 15146062 C T -1
0 0 13089 15 45402336 45421415 1 45384704 T A 1
0 0 13102 1 169792529 169794963 -1 169907145 T C -1
0 0 13176 3 48290722 48301685 -1 48301597 C T -1
0 0 13176 3 48290722 48301685 -1 48319502 T G -1
0 0 13216 11 119096025 119108331 -1 119094769 G A 1
0 0 13310 8 33370824 33473146 -1 33424525 G A -1
0 0 13310 8 33370824 33473146 -1 33513239 G A -1
0 0 13310 8 33370824 33473146 -1 33513681 T C -1
0 0 13418 3 121769761 121835079 -1 121818148 C T 1
0 0 13432 2 131464900 131492743 -1 131514939 A T 1
0 0 1349 10 103087185 103277605 -1 103082220 C T -1
0 0 13769 3 139005806 139360497 1 139389874 T A -1
0 0 14060 8 86468257 86514357 -1 86355705 T A 1
0 0 14060 8 86468257 86514357 -1 86392095 G A 1
0 0 14385 5 148202794 148215137 1 148192983 T C -1
0 0 14390 16 28846600 28874212 1 28532060 G A -1
0 0 14607 6 32659467 32668383 -1 32609829 G T 1
0 0 1513 15 50908672 51005895 1 50879285 G C -1
0 0 15298 3 134485699 134587789 1 134483664 T G 1
0 0 16475 17 10699015 10730023 -1 10730041 C T 1
0 0 16850 22 42508344 42519796 -1 42498828 C G -1
0 0 16850 22 42508344 42519796 -1 42519473 G A -1
0 0 16909 6 32577902 32589848 -1 32604012 C A -1
0 0 16909 6 32577902 32589848 -1 32604113 G A -1
0 0 16909 6 32577902 32589848 -1 32604515 A C -1
0 0 16909 6 32577902 32589848 -1 32604549 C T -1
0 0 16909 6 32577902 32589848 -1 32609665 T A -1
0 0 16909 6 32577902 32589848 -1 32609868 C T -1
0 0 16909 6 32577902 32589848 -1 32609956 C T -1
0 0 16909 6 32577902 32589848 -1 32610263 C G -1
0 0 1698 1 236214681 236282019 -1 236222906 G A 1
0 0 17133 3 108043091 108091862 -1 108293443 G A -1
0 0 17182 2 195575977 195737702 1 195671781 A G 1
0 0 17305 11 68891276 68903835 -1 68798488 T C 1
0 0 17305 11 68891276 68903835 -1 68890266 C T -1
0 0 17416 9 128552558 128633662 1 128479529 A G 1
0 0 17586 20 46499630 46513559 -1 46513194 T C 1
0 0 17608 12 111931282 112013185 -1 111994905 A G 1
0 0 17608 12 111931282 112013185 -1 112006156 G A 1
0 0 17669 17 43125551 43153671 1 43212891 A G -1
0 0 17669 17 43125551 43153671 1 43367777 G A -1
0 0 17671 6 32517353 32530287 -1 32604099 A G -1
0 0 17671 6 32517353 32530287 -1 32604283 T C -1
0 0 17671 6 32517353 32530287 -1 32604447 A G -1
0 0 17671 6 32517353 32530287 -1 32604611 T C -1
0 0 17671 6 32517353 32530287 -1 32604631 G A -1
0 0 17671 6 32517353 32530287 -1 32604770 A T -1
0 0 17671 6 32517353 32530287 -1 32609697 T G -1
0 0 17857 17 47694161 47712052 1 47616131 A G 1
0 0 1837 16 4510669 4538828 -1 4466091 T C 1
0 0 1895 16 74447427 74607144 -1 74613897 C T -1
0 0 20001 16 77199408 77213215 1 77190966 A C -1
0 0 20285 6 29941260 29949572 1 29887615 T C 1
0 0 20285 6 29941260 29949572 1 29919907 G A -1
0 0 20285 6 29941260 29949572 1 29942488 G T 1
0 0 20285 6 29941260 29949572 1 29993093 A T -1
0 0 20285 6 29941260 29949572 1 30037466 A G -1
0 0 20285 6 29941260 29949572 1 30060696 G T -1
0 0 2061 10 67884656 67918390 1 67969257 T A -1
0 0 22 4 17577198 17607972 1 17614119 T A -1
0 0 22248 1 88979456 88992960 -1 89070749 T C 1
0 0 22842 14 31482875 31488039 -1 31752940 G C 1
0 0 22842 14 31482875 31488039 -1 31854875 G T 1
0 0 2414 20 25294742 25390835 -1 25397682 A G -1
0 0 2415 20 35172072 35216240 1 34986655 A C 1
0 0 2415 20 35172072 35216240 1 35111632 G A 1
0 0 245 6 36354091 36387800 -1 36396671 G A 1
0 0 24586 3 46364391 46407117 -1 46162887 C T -1
0 0 24586 3 46364391 46407117 -1 46202789 G A -1
0 0 24586 3 46364391 46407117 -1 46208231 A G -1
0 0 25663 17 45435900 45490758 -1 45413637 G A 1
0 0 25663 17 45435900 45490758 -1 45430937 A G 1
0 0 25663 17 45435900 45490758 -1 45431950 C T 1
0 0 26743 7 66654513 66685692 1 66682123 C A 1
0 0 2684 13 24420931 24512778 -1 24459332 T C -1
0 0 28026 8 51899268 51949874 1 51885628 T C -1
0 0 29603 3 10284419 10285746 1 10263872 T C 1
0 0 29733 6 33064569 33080775 -1 33062149 A G -1
0 0 299 9 122940833 123104866 1 122843912 A C 1
0 0 3072 19 41431318 41440717 -1 41420193 T C -1
0 0 31946 6 31353872 31367067 -1 31451033 T A 1
0 0 31946 6 31353872 31367067 -1 31462917 G C 1
0 0 3293 7 7156934 7248616 1 7204368 G T 1
0 0 33217 2 127388173 127406228 1 127233771 C T 1
0 0 33789 6 32741391 32747198 1 32622659 C T 1
0 0 338 12 31073860 31104799 1 31073901 T A -1
0 0 338 12 31073860 31104799 1 31074546 G T -1
0 0 3513 17 58982638 59106921 -1 58755604 G C -1
0 0 3526 17 48070052 48101478 -1 48049011 G A -1
0 0 3551 17 63819433 63830012 -1 63889464 C T 1
0 0 3554 17 63832081 63843065 -1 63369601 C T 1
0 0 3649 4 102501330 102617302 1 102878371 T C -1
0 0 3649 4 102501330 102617302 1 102994153 T G -1
0 0 3654 4 139028112 139177218 -1 139015917 C T 1
0 0 39179 4 78638780 78683185 1 78630438 G T 1
0 0 4117 5 10679230 10761234 -1 10706914 G A -1
0 0 43184 12 75483454 75489820 -1 75438003 A G -1
0 0 4319 3 183635610 183684519 1 183686900 G C -1
0 0 4418 2 98608579 98618515 1 98488693 G A -1
0 0 4580 1 11664200 11674354 1 11262508 C G -1
0 0 459 6 26402237 26415208 1 26378629 G A 1
0 0 46258 16 75379818 75381260 -1 75463051 G T -1
0 0 46299 16 81069854 81076598 1 81077298 A G 1
0 0 46730 17 30863921 30864940 -1 30731513 C G 1
0 0 46730 17 30863921 30864940 -1 30780345 C T 1
0 0 4709 1 93345907 93369493 1 93317336 T C -1
0 0 4709 1 93345907 93369493 1 93346012 A G -1
0 0 4734 1 25818640 25832942 1 25820023 G C 1
0 0 4734 1 25818640 25832942 1 25923568 C T 1
0 0 4870 12 123918660 123972831 -1 123984025 G C 1
0 0 49149 19 24033401 24077377 1 24054702 G A 1
0 0 4940 14 75002921 75012366 1 75069224 G A -1
0 0 50481 10 35314552 35336401 -1 35462969 C T 1
0 0 50481 10 35314552 35336401 -1 35486512 G A 1
0 0 51305 7 66739829 66740642 -1 66698806 G A 1
0 0 51305 7 66739829 66740642 -1 66719119 A G 1
0 0 51305 7 66739829 66740642 -1 66733003 C T 1
0 0 5135 16 50152911 50235310 1 50065866 C T 1
0 0 51412 7 32758882 32759353 1 32564954 T C 1
0 0 51412 7 32758882 32759353 1 32681035 C T 1
0 0 51892 15 45702640 45703183 1 45705699 C G -1
0 0 5268 7 35632659 35697459 -1 35828836 C G 1
0 0 5331 12 28133249 28581511 1 28198189 A G 1
0 0 5331 12 28133249 28581511 1 28226893 G A -1
0 0 5331 12 28133249 28581511 1 28508161 C G 1
0 0 5532 6 34757505 34773857 1 34792385 G C -1
0 0 5532 6 34757505 34773857 1 34792548 T C -1
0 0 5532 6 34757505 34773857 1 34792959 T C -1
0 0 5752 14 65006174 65102695 -1 65075911 C T 1
0 0 5911 1 20740266 20787323 -1 20787923 C T -1
0 0 60256 16 48610310 48610907 1 48557101 T C 1
0 0 6069 15 40528683 40565054 -1 40565041 G A -1
0 0 6077 15 48331011 48343373 1 48292686 C T 1
0 0 6080 15 52547045 52569883 -1 52484079 T A -1
0 0 6080 15 52547045 52569883 -1 52523749 A C 1
0 0 6087 3 134477706 134486716 -1 134483664 T G 1
0 0 6087 3 134477706 134486716 -1 134494696 C T 1
0 0 6087 3 134477706 134486716 -1 134542500 G T 1
0 0 6087 3 134477706 134486716 -1 134542812 C T 1
0 0 6440 5 140638740 140647771 -1 140711530 A G -1
0 0 6440 5 140638740 140647771 -1 140726393 C A -1
0 0 652 5 60866454 60945073 -1 61182664 A G -1
0 0 6626 11 68903863 68940602 1 68869701 G A 1
0 0 6946 4 55395957 55453397 1 55511198 T C -1
0 0 7004 7 77122434 77329533 1 77238798 T C -1
0 0 7161 2 98997261 99154964 -1 99155127 G T 1
0 0 7166 2 108449107 108509415 1 108580326 A T -1
0 0 7191 13 52455429 52476628 1 52600422 G C 1
0 0 738 14 87837820 87993665 -1 87993090 G T -1
0 0 738 14 87837820 87993665 -1 87993312 A G -1
0 0 7659 15 51829628 51947295 1 51756129 C T 1
0 0 7659 15 51829628 51947295 1 51767970 A G 1
0 0 772 10 5765223 5842132 -1 5866722 C T -1
0 0 8361 1 151197949 151249536 1 151131314 T G -1
0 0 8362 1 150218417 150236156 -1 150054225 T C 1
0 0 8362 1 150218417 150236156 -1 150163093 C T 1
0 0 8362 1 150218417 150236156 -1 150322476 A G 1
0 0 8438 1 226989865 227318492 -1 227223302 C T -1
0 0 8484 2 73729104 73737400 -1 73717145 C T -1
0 0 8484 2 73729104 73737400 -1 73737715 G C -1
0 0 9136 11 34853094 34916379 -1 34909802 A T 1
0 0 9320 12 124911604 124917368 -1 124910615 G C 1
0 0 9480 11 30323104 30338223 1 30323252 A G -1
1 0 10186 7 129144707 129169699 1 129137407 C T -1
1 0 11218 4 121667946 121696995 -1 121696338 T C -1
1 0 11613 10 75210154 75231448 1 75210855 G C -1
1 0 11657 10 113679162 113730907 1 113679500 G A 1
1 0 11657 10 113679162 113730907 1 113679635 C T 1
1 0 11712 10 122458551 122514907 1 122475839 G C -1
1 0 12357 4 183444635 183449064 1 183466111 C T -1
1 0 13501 6 116494989 116545684 -1 116462456 T G 1
1 0 14100 12 118063593 118136026 -1 118064941 T C 1
1 0 14228 12 630858 664196 1 630843 C G -1
1 0 14228 12 630858 664196 1 643194 G A 1
1 0 1456 1 100345001 100520277 1 100353172 T G -1
1 0 15408 1 37996770 38005606 -1 37999643 G A 1
1 0 15737 12 94895297 95003748 -1 95003130 C A 1
1 0 1873 1 20499448 20508151 -1 20508117 C A 1
1 0 19824 19 54216278 54223506 -1 54255803 T C 1
1 0 19947 19 43967862 43998326 1 43984200 G A -1
1 0 2307 14 24573518 24576250 -1 24576383 A G -1
1 0 2443 20 58985686 59008238 -1 59004895 A G -1
1 0 2538 18 76357682 76495242 -1 76565717 C A -1
1 0 26187 6 137943079 137957657 -1 137945111 G A -1
1 0 27139 2 161244720 161249095 1 161244750 G A -1
1 0 2784 16 87326987 87392142 -1 87368655 G C 1
1 0 2939 8 23190452 23225102 -1 23225458 G T -1
1 0 31946 6 31353872 31367067 -1 31353033 A G -1
1 0 36931 8 23224471 23230926 1 23225458 G T -1
1 0 3775 11 44065925 44084237 1 44066439 G T 1
1 0 448 20 44942130 44960397 -1 44960400 G A -1
1 0 4531 1 52927276 53051698 1 52927236 A G 1
1 0 543 4 177430774 177442437 -1 177442224 G A 1
1 0 59786 6 3023472 3027426 1 2990385 G A 1
1 0 6147 14 20365667 20413501 -1 20413368 T C -1
1 0 6640 20 44195939 44210771 -1 44210072 C G 1
1 0 6975 9 74946583 74952912 -1 74943000 A C 1
1 0 7117 1 230690776 230745576 -1 230714140 T G 1
1 0 7224 7 6577434 6589374 1 6577616 C G 1
1 0 7333 9 113221544 113264492 1 113188426 A C -1
1 0 7633 2 190646746 190692766 1 190656119 C A -1
1 0 8613 3 150546678 150586016 1 150610209 C T 1
1 0 945 10 14518557 14774897 -1 14696028 A G 1
