0 0 1001 1 92508696 92792404 -1 92485682 A G -1
0 0 10422 21 44012309 44106552 1 44006248 C T -1
0 0 10503 3 46370946 46376206 1 46213771 T C -1
0 0 10542 8 144789765 144792587 -1 144799061 T G -1
0 0 10542 8 144789765 144792587 -1 144802050 A G 1
0 0 10563 19 35742464 35745445 -1 35775920 A G -1
0 0 11394 8 11842524 11869533 -1 11867879 G T -1
0 0 11394 8 11842524 11869533 -1 11874809 C A -1
0 0 11433 7 1470277 1504389 -1 1459703 T G -1
0 0 12319 16 74671855 74700960 -1 74448876 G A 1
0 0 12319 16 74671855 74700960 -1 74578132 G C -1
0 0 12395 1 109656099 109665496 1 109307500 C A 1
0 0 12395 1 109656099 109665496 1 109392883 C T 1
0 0 12586 5 131155383 131224468 -1 131006090 C T -1
0 0 12586 5 131155383 131224468 -1 131065492 C T 1
0 0 12586 5 131155383 131224468 -1 131165058 A C 1
0 0 12602 2 112368369 112434488 -1 112433433 A C -1
0 0 13102 1 169792529 169794963 -1 170021044 G C -1
0 0 13191 17 30897336 30906238 -1 30824687 C T -1
0 0 13231 3 67360460 67654612 -1 67602865 C G -1
0 0 13231 3 67360460 67654612 -1 67610588 T C -1
0 0 13231 3 67360460 67654612 -1 67614395 T C -1
0 0 13822 11 8965682 9005288 -1 8878121 C T 1
0 0 13822 11 8965682 9005288 -1 8928921 T C 1
0 0 13937 5 90515611 90529584 -1 90529834 T C 1
0 0 13964 11 33039417 33105943 1 33039223 T C -1
0 0 13966 17 82101460 82212878 -1 82205776 G A 1
0 0 14060 8 86468257 86514357 -1 86320316 C T -1
0 0 14060 8 86468257 86514357 -1 86375531 T C 1
0 0 14607 6 32659467 32668383 -1 32666731 C T -1
0 0 14745 5 443175 471937 1 429467 G T -1
0 0 15225 3 42013802 42225890 1 42098385 G A 1
0 0 15577 22 29767369 29770413 1 30033126 A G 1
0 0 15810 15 90229975 90234047 -1 90233752 G C -1
0 0 15810 15 90229975 90234047 -1 90234227 A G -1
0 0 16003 17 46499780 46579695 -1 46154251 A T 1
0 0 16003 17 46499780 46579695 -1 46154566 G A 1
0 0 16003 17 46499780 46579695 -1 46163938 C G 1
0 0 16003 17 46499780 46579695 -1 46179289 G A 1
0 0 16003 17 46499780 46579695 -1 46192693 A T 1
0 0 16003 17 46499780 46579695 -1 46193786 G A 1
0 0 16003 17 46499780 46579695 -1 46260082 A C 1
0 0 16003 17 46499780 46579695 -1 46267043 A C 1
0 0 16003 17 46499780 46579695 -1 46267090 T C 1
0 0 16003 17 46499780 46579695 -1 46267186 C T 1
0 0 16003 17 46499780 46579695 -1 46267456 G A 1
0 0 16003 17 46499780 46579695 -1 46291560 C A 1
0 0 16123 2 238224552 238231711 -1 238231762 T C 1
0 0 16123 2 238224552 238231711 -1 238235665 A G 1
0 0 16175 5 82273320 82278396 -1 82255840 G A 1
0 0 16175 5 82273320 82278396 -1 82273269 C T -1
0 0 16177 6 26365159 26378320 1 26328125 T C -1
0 0 16177 6 26365159 26378320 1 26365451 T G -1
0 0 16177 6 26365159 26378320 1 26365531 T C -1
0 0 16475 17 10699015 10730023 -1 10730041 C T 1
0 0 1662 8 86514435 86561498 1 86406731 G A -1
0 0 16690 10 125784980 125823288 -1 125823221 G T -1
0 0 1686 7 6022247 6059175 -1 6027152 C T 1
0 0 1686 7 6022247 6059175 -1 6058670 C T 1
0 0 16909 6 32577902 32589848 -1 32609938 G T -1
0 0 17373 18 61905255 62187118 -1 62258705 G A -1
0 0 17467 5 65665928 65723035 -1 65722170 A G 1
0 0 17482 4 99070978 99088801 -1 99047697 A T -1
0 0 17482 4 99070978 99088801 -1 99062322 A T -1
0 0 17566 2 190189735 190344193 -1 190216151 T C -1
0 0 17669 17 43125551 43153671 1 43310023 A G -1
0 0 17669 17 43125551 43153671 1 43315904 G A -1
0 0 17669 17 43125551 43153671 1 43334234 G C -1
0 0 17669 17 43125551 43153671 1 43368042 A T -1
0 0 17669 17 43125551 43153671 1 43368091 G C -1
0 0 17671 6 32517353 32530287 -1 32604012 C A -1
0 0 17671 6 32517353 32530287 -1 32604043 T C -1
0 0 17671 6 32517353 32530287 -1 32604096 C T -1
0 0 17671 6 32517353 32530287 -1 32609869 A G -1
0 0 17825 7 66995173 67239514 1 67128980 C T 1
0 0 17825 7 66995173 67239514 1 67143748 G A 1
0 0 17825 7 66995173 67239514 1 67176860 G A 1
0 0 17825 7 66995173 67239514 1 67226051 C A 1
0 0 1906 7 76461676 76505995 1 76510078 C T 1
0 0 19970 5 140807037 141012347 1 140795037 G A -1
0 0 20285 6 29941260 29949572 1 29942245 C A 1
0 0 20285 6 29941260 29949572 1 30150583 C T -1
0 0 2186 22 37807905 37817176 1 37807789 C T 1
0 0 2195 22 41800679 41832164 1 41800463 A G 1
0 0 22330 3 48673844 48686364 -1 49007334 C T 1
0 0 22545 6 5103629 5260950 -1 5246600 C T -1
0 0 2340 14 59188646 59371405 1 59380895 T C -1
0 0 2340 14 59188646 59371405 1 59387690 T C -1
0 0 2340 14 59188646 59371405 1 59447625 C G -1
0 0 2349 14 60144119 60169856 -1 60165528 G C 1
0 0 24974 2 159615292 159618637 1 159584947 T C -1
0 0 24974 2 159615292 159618637 1 159616439 C T -1
0 0 25663 17 45435900 45490758 -1 45411016 C T 1
0 0 2665 23 103215108 103217246 1 103214725 T C -1
0 0 2665 23 103215108 103217246 1 103215423 T G -1
0 0 2665 23 103215108 103217246 1 103215886 G C -1
0 0 267 12 6873569 6914241 1 6900044 C A 1
0 0 26743 7 66654513 66685692 1 66696803 T C -1
0 0 27972 5 80626226 80654983 -1 80569261 C T 1
0 0 27972 5 80626226 80654983 -1 80629791 C A -1
0 0 28026 8 51899268 51949874 1 51805167 G A 1
0 0 2813 16 53433977 53491648 1 53503829 C T 1
0 0 2858 15 49858238 50182817 -1 49947224 A G 1
0 0 338 12 31073860 31104799 1 31073901 T A -1
0 0 34148 17 46511508 46556910 1 46026977 A C 1
0 0 34148 17 46511508 46556910 1 46163620 C A 1
0 0 34148 17 46511508 46556910 1 46771072 G T -1
0 0 3551 17 63819433 63830012 -1 63827364 T C 1
0 0 36201 7 66628881 66649067 1 66529742 G C 1
0 0 36201 7 66628881 66649067 1 66557934 T C -1
0 0 3652 4 102794383 102868896 -1 102779265 G C -1
0 0 3652 4 102794383 102868896 -1 102780603 G A -1
0 0 36896 11 78139756 78175323 1 78139778 C T -1
0 0 3736 11 60185657 60318080 1 60333146 A G 1
0 0 3779 11 47269161 47330031 1 47244989 G T -1
0 0 3800 11 18322295 18367045 1 18322331 A G 1
0 0 3905 12 6491886 6493841 -1 6493302 G A -1
0 0 39179 4 78638780 78683185 1 78667948 T C 1
0 0 4035 6 70667776 70862011 1 70673812 T C 1
0 0 40539 5 138744434 138753309 -1 138936560 T C 1
0 0 4132 5 140639435 140645408 1 140591932 T A -1
0 0 4184 5 100806933 100903282 -1 100846602 G A 1
0 0 4184 5 100806933 100903282 -1 100882928 G A 1
0 0 4184 5 100806933 100903282 -1 100884240 A G 1
0 0 4184 5 100806933 100903282 -1 100903097 A G 1
0 0 4224 3 53867066 53882152 -1 53892060 G T -1
0 0 42252 11 118700415 118750263 1 118700459 A G -1
0 0 42252 11 118700415 118750263 1 118700607 C T -1
0 0 43184 12 75483454 75489820 -1 75391320 C T -1
0 0 43349 12 69901918 70243405 -1 70108896 G A 1
0 0 43349 12 69901918 70243405 -1 70264096 A T 1
0 0 4349 2 113705011 113756693 -1 113602199 G T -1
0 0 4349 2 113705011 113756693 -1 113603441 G A -1
0 0 4349 2 113705011 113756693 -1 113656510 C T -1
0 0 4418 2 98608579 98618515 1 98484253 A G -1
0 0 4418 2 98608579 98618515 1 98489525 A G -1
0 0 4418 2 98608579 98618515 1 98547697 A G -1
0 0 4876 9 113161006 113221458 -1 113219491 A G -1
0 0 4876 9 113161006 113221458 -1 113222651 C T -1
0 0 4888 9 124257606 124353307 1 124300240 C A 1
0 0 4896 9 112380080 112472405 1 112379694 G T -1
0 0 4940 14 75002921 75012366 1 75159339 A C 1
0 0 504 15 68054309 68198603 1 68233194 A G 1
0 0 50481 10 35314552 35336401 -1 35565283 G A 1
0 0 5100 8 27311482 27459391 1 27419252 T C -1
0 0 51305 7 66739829 66740642 -1 66439901 A G 1
0 0 51305 7 66739829 66740642 -1 66520415 C T 1
0 0 51305 7 66739829 66740642 -1 66536369 C A 1
0 0 51305 7 66739829 66740642 -1 66741130 C G 1
0 0 51305 7 66739829 66740642 -1 66921904 C T 1
0 0 51412 7 32758882 32759353 1 32495217 T G -1
0 0 51412 7 32758882 32759353 1 32564695 A G 1
0 0 51412 7 32758882 32759353 1 32564859 C G 1
0 0 51412 7 32758882 32759353 1 32692919 C T 1
0 0 51412 7 32758882 32759353 1 32763303 A T 1
0 0 5287 9 37879400 37904353 -1 37753849 T G 1
0 0 5287 9 37879400 37904353 -1 37761047 T C 1
0 0 53594 17 68133201 68135935 1 68035609 A G -1
0 0 5403 2 159318979 159616569 -1 159584947 T C 1
0 0 55668 7 32760279 32762924 1 32765632 G A 1
0 0 55668 7 32760279 32762924 1 32765713 T G 1
0 0 57085 1 150045660 150067722 -1 150067621 A G -1
0 0 571 2 98444854 98594392 1 98454439 A G -1
0 0 57324 17 45586452 45588379 -1 45894091 G C 1
0 0 57324 17 45586452 45588379 -1 45894115 T C 1
0 0 57324 17 45586452 45588379 -1 45894238 C G 1
0 0 57324 17 45586452 45588379 -1 45894419 A G 1
0 0 57324 17 45586452 45588379 -1 45949028 A G 1
0 0 57324 17 45586452 45588379 -1 46026460 G A 1
0 0 57324 17 45586452 45588379 -1 46026977 A C 1
0 0 5828 1 28199456 28233029 -1 28233063 C G -1
0 0 5828 1 28199456 28233029 -1 28248610 T G -1
0 0 58531 6 31479973 31494935 -1 31494468 C T -1
0 0 5856 7 158856558 158956747 1 158864134 G A -1
0 0 5955 7 77193369 77199848 -1 77239281 A G 1
0 0 60543 1 45583238 45583933 -1 45621905 G A 1
0 0 6066 15 51751597 51816363 1 51862081 T A 1
0 0 6080 15 52547045 52569883 -1 52445967 G C -1
0 0 6080 15 52547045 52569883 -1 52483710 T C -1
0 0 6087 3 134477706 134486716 -1 134485999 C G 1
0 0 6087 3 134477706 134486716 -1 134486389 C A 1
0 0 6087 3 134477706 134486716 -1 134494823 A G 1
0 0 6087 3 134477706 134486716 -1 134536153 C G -1
0 0 6468 17 39637090 39664201 1 39659646 G A -1
0 0 6468 17 39637090 39664201 1 39680328 G A -1
0 0 6547 5 40759389 40798374 -1 40755178 G T -1
0 0 6689 13 36301638 36370180 -1 36275353 T A -1
0 0 6689 13 36301638 36370180 -1 36298110 G A -1
0 0 699 10 97356358 97426076 -1 97408529 T C 1
0 0 7004 7 77122434 77329533 1 77222006 A G 1
0 0 7191 13 52455429 52476628 1 52128824 C G 1
0 0 7191 13 52455429 52476628 1 52394997 A G 1
0 0 7191 13 52455429 52476628 1 52455723 C T 1
0 0 7191 13 52455429 52476628 1 52599389 G A 1
0 0 7222 7 23181841 23201011 1 23246696 G A -1
0 0 7315 9 129803157 129811281 1 129790657 T C -1
0 0 738 14 87837820 87993665 -1 87990830 A T -1
0 0 738 14 87837820 87993665 -1 87992401 C T -1
0 0 738 14 87837820 87993665 -1 87992936 C A -1
0 0 738 14 87837820 87993665 -1 87993104 C G -1
0 0 738 14 87837820 87993665 -1 88002846 A G -1
0 0 738 14 87837820 87993665 -1 88029984 G C -1
0 0 7625 2 216412383 216483053 1 216405727 A G 1
0 0 7727 5 128257909 128659185 -1 128537493 C T 1
0 0 7919 15 40358219 40378621 1 40593819 C T -1
0 0 7919 15 40358219 40378621 1 40593822 C G -1
0 0 7919 15 40358219 40378621 1 40594112 C T -1
0 0 7919 15 40358219 40378621 1 40594423 T C -1
0 0 7966 15 88898683 88913468 -1 88913313 G T 1
0 0 8278 1 109466546 109482134 1 109392883 C T -1
0 0 8278 1 109466546 109482134 1 109392956 T C -1
0 0 8554 3 11556069 11771350 -1 11289278 G A -1
0 0 865 16 1795620 1827157 -1 1827174 G A -1
0 0 9136 11 34853094 34916379 -1 34915783 G T -1
0 0 9136 11 34853094 34916379 -1 34916151 G A -1
0 0 9136 11 34853094 34916379 -1 34916454 A G -1
0 0 9269 13 113491021 113554590 1 113585485 T C -1
0 0 9360 14 35045117 35116630 1 35020907 T G -1
0 0 9442 5 50665899 50846519 1 50751106 A G 1
0 0 9499 5 80487969 80542563 1 80629791 C A -1
0 0 9503 5 79236131 79327211 1 79236265 A C 1
0 0 958 12 50504985 50748657 1 50546024 A T 1
0 0 9711 1 52345723 52366205 -1 52237819 G C -1
0 0 9808 6 109492855 109691217 -1 109491634 T C 1
0 0 9999 1 99703970 99766635 -1 99737045 A C 1
0 0 9999 1 99703970 99766635 -1 99737287 C G 1
1 0 11613 10 75210154 75231448 1 75210855 G C -1
1 0 12120 8 142670308 142682725 1 142670280 T C 1
1 0 129 17 50543058 50555852 1 50547162 A C -1
1 0 13087 3 169793003 169812986 -1 169812288 C A -1
1 0 1873 1 20499448 20508151 -1 20508117 C A 1
1 0 19947 19 43967862 43998326 1 43984200 G A -1
1 0 2307 14 24573518 24576250 -1 24576383 A G -1
1 0 2443 20 58985686 59008238 -1 59004895 A G -1
1 0 27139 2 161244720 161249095 1 161244750 G A -1
1 0 3071 8 141117278 141195808 1 141182443 G A -1
1 0 3210 7 24698355 24757940 -1 24757074 C G 1
1 0 33076 2 71002531 71064743 -1 71064628 A G -1
1 0 33949 1 150548562 150557724 -1 150558904 T C 1
1 0 3431 10 70478767 70668754 1 70493069 C T -1
1 0 3775 11 44065925 44084237 1 44066439 G T 1
1 0 402 11 94415570 94493885 -1 94493786 C T 1
1 0 4109 5 103548855 103562790 -1 103562198 T C 1
1 0 4180 5 1050384 1112063 -1 1104823 C T -1
1 0 4468 2 10302889 10427617 1 10408700 T C -1
1 0 4531 1 52927276 53051698 1 52927236 A G 1
1 0 46585 16 3100696 3143734 -1 3096218 A G 1
1 0 4876 9 113161006 113221458 -1 113188426 A C -1
1 0 4915 14 94127779 94130253 -1 94129652 T C -1
1 0 4954 2 33532744 33599347 -1 33555164 G A 1
1 0 51482 10 110428840 110496590 -1 110447570 G A -1
1 0 5345 13 49660674 49691486 -1 49759746 G T -1
1 0 543 4 177430774 177442437 -1 177442224 G A 1
1 0 5952 7 75533298 75738962 -1 75618011 C T 1
1 0 59886 5 80256200 80258040 1 80256365 A G -1
1 0 6147 14 20365667 20413501 -1 20413368 T C -1
1 0 6147 14 20365667 20413501 -1 20438756 G T 1
1 0 6236 6 106629578 106668417 1 106629627 G A -1
1 0 6276 11 1850904 1892267 1 1852991 C T 1
1 0 6771 11 10308313 10507579 1 10450191 A G 1
1 0 7079 6 136342281 136550819 -1 136365927 C T 1
1 0 7109 16 82147798 82170224 -1 82170181 C G -1
1 0 7117 1 230690776 230745576 -1 230714140 T G 1
1 0 7224 7 6577434 6589374 1 6577616 C G 1
1 0 7333 9 113221544 113264492 1 113188426 A C -1
1 0 7633 2 190646746 190692766 1 190656119 C A -1
1 0 780 1 183186238 183245127 1 183186347 C A 1
1 0 7919 15 40358219 40378621 1 40379944 C T 1
1 0 8314 1 165631213 165661796 1 165632229 G A 1
1 0 8425 1 243124428 243255348 -1 243114174 G T 1
1 0 8681 4 186191567 186213463 1 186191475 G C -1
1 0 9120 10 119499817 119542719 -1 119538900 T C 1
1 0 9654 7 27830573 28180795 -1 28237488 C G -1
