0 0 10160 3 138347648 138405534 1 138371091 A G -1
0 0 10305 17 45393902 45434421 -1 45437588 G A -1
0 0 11260 5 76615482 76623413 -1 76650024 G C -1
0 0 11394 8 11842524 11869533 -1 11783815 G C 1
0 0 12233 3 41246599 41962130 -1 41962206 T A 1
0 0 12395 1 109656099 109665496 1 109392883 C T 1
0 0 12687 7 76326799 76358991 -1 76591760 G A 1
0 0 13310 8 33370824 33473146 -1 33485541 G A -1
0 0 13349 11 71453109 71524107 1 71452374 A G 1
0 0 13432 2 131464900 131492743 -1 131498384 C G 1
0 0 13432 2 131464900 131492743 -1 131498678 A G 1
0 0 1365 10 96518110 96587452 -1 97026019 T C -1
0 0 13678 19 9412429 9435573 -1 9435784 C T 1
0 0 14060 8 86468257 86514357 -1 86508983 C T -1
0 0 14385 5 148202794 148215137 1 148177548 C T 1
0 0 14385 5 148202794 148215137 1 148186632 C T 1
0 0 14394 8 143915153 143976734 -1 143976168 A C -1
0 0 14526 14 55271344 55370053 1 55271447 T C -1
0 0 15507 22 29073035 29168333 1 29084036 G T 1
0 0 16177 6 26365159 26378320 1 26367243 C T 1
0 0 16177 6 26365159 26378320 1 26420802 T C 1
0 0 16177 6 26365159 26378320 1 26458297 C G -1
0 0 1662 8 86514435 86561498 1 86407079 G T -1
0 0 16909 6 32577902 32589848 -1 32604631 G A -1
0 0 16909 6 32577902 32589848 -1 32607629 A T -1
0 0 16909 6 32577902 32589848 -1 32607736 C G -1
0 0 16909 6 32577902 32589848 -1 32609665 T A -1
0 0 16909 6 32577902 32589848 -1 32609772 A T -1
0 0 16909 6 32577902 32589848 -1 32609813 G A -1
0 0 16909 6 32577902 32589848 -1 32609869 A G -1
0 0 16909 6 32577902 32589848 -1 32610198 C T -1
0 0 1698 1 236214681 236282019 -1 236253985 G A 1
0 0 1698 1 236214681 236282019 -1 236254242 G C 1
0 0 1698 1 236214681 236282019 -1 236254423 A G 1
0 0 1698 1 236214681 236282019 -1 236256516 T C 1
0 0 17121 6 32628179 32647062 1 32668657 A G -1
0 0 17505 19 9560329 9584504 -1 9532157 C T 1
0 0 17669 17 43125551 43153671 1 43367777 G A -1
0 0 17671 6 32517353 32530287 -1 32604611 T C -1
0 0 17671 6 32517353 32530287 -1 32604658 C A -1
0 0 17671 6 32517353 32530287 -1 32607629 A T -1
0 0 17671 6 32517353 32530287 -1 32607736 C G -1
0 0 17671 6 32517353 32530287 -1 32609678 A G -1
0 0 17671 6 32517353 32530287 -1 32609697 T G -1
0 0 17671 6 32517353 32530287 -1 32610112 T C -1
0 0 17671 6 32517353 32530287 -1 32610204 A G -1
0 0 19796 6 31494881 31511124 1 31542203 G T -1
0 0 19796 6 31494881 31511124 1 31551588 C T -1
0 0 19796 6 31494881 31511124 1 31575981 G A -1
0 0 19796 6 31494881 31511124 1 31578718 G C -1
0 0 19796 6 31494881 31511124 1 31579012 T C -1
0 0 19796 6 31494881 31511124 1 31579338 G A -1
0 0 19796 6 31494881 31511124 1 31588428 G A -1
0 0 20285 6 29941260 29949572 1 29730649 C T -1
0 0 20285 6 29941260 29949572 1 29731004 A G -1
0 0 20285 6 29941260 29949572 1 29927334 C T -1
0 0 20285 6 29941260 29949572 1 29959757 A C -1
0 0 20285 6 29941260 29949572 1 29975089 T C -1
0 0 20285 6 29941260 29949572 1 29975202 G C -1
0 0 20285 6 29941260 29949572 1 30006831 C G -1
0 0 20285 6 29941260 29949572 1 30061136 G A -1
0 0 20285 6 29941260 29949572 1 30091674 A G -1
0 0 22 4 17577198 17607972 1 17610914 A G -1
0 0 22308 2 28751640 28802940 1 28716102 A G -1
0 0 25318 6 36386831 36391994 1 36442413 G A 1
0 0 25663 17 45435900 45490758 -1 45413637 G A 1
0 0 25663 17 45435900 45490758 -1 45425928 A C 1
0 0 25663 17 45435900 45490758 -1 45431250 G T 1
0 0 25663 17 45435900 45490758 -1 45431944 A G 1
0 0 25663 17 45435900 45490758 -1 45462357 C T 1
0 0 25663 17 45435900 45490758 -1 45733005 G C 1
0 0 25663 17 45435900 45490758 -1 45740794 A C 1
0 0 25663 17 45435900 45490758 -1 45783751 C T 1
0 0 25663 17 45435900 45490758 -1 45835216 C T 1
0 0 25663 17 45435900 45490758 -1 45852872 C A 1
0 0 25663 17 45435900 45490758 -1 45870122 A G 1
0 0 26743 7 66654513 66685692 1 66732246 T C -1
0 0 30967 3 49357174 49358605 -1 49352409 C T -1
0 0 3112 19 48047843 48110817 -1 48169955 T C 1
0 0 31535 6 30184455 30213427 -1 30213498 A G 1
0 0 3227 7 157335381 157417439 1 157433323 T C 1
0 0 3325 7 43758680 43807342 1 43636921 G C -1
0 0 3325 7 43758680 43807342 1 43637353 A G -1
0 0 33789 6 32741391 32747198 1 32604631 G A 1
0 0 33789 6 32741391 32747198 1 32604718 A G 1
0 0 33789 6 32741391 32747198 1 32609678 A G 1
0 0 33789 6 32741391 32747198 1 32609938 G T 1
0 0 33789 6 32741391 32747198 1 32668261 A T 1
0 0 35376 7 66114604 66154568 1 66592172 C G -1
0 0 36146 3 157174201 157381265 1 157225197 A G -1
0 0 3895 12 67269358 67319953 1 67276751 G A 1
0 0 42252 11 118700415 118750263 1 118700314 A G -1
0 0 43184 12 75483454 75489820 -1 75445221 A G -1
0 0 4349 2 113705011 113756693 -1 113922845 T C -1
0 0 4642 1 232397965 232630571 -1 232634329 T C 1
0 0 48198 17 75587800 75626849 1 75589275 G A 1
0 0 5094 12 102012840 102062149 -1 102061951 G A -1
0 0 51098 10 79825902 79827602 1 79562813 A G 1
0 0 51305 7 66739829 66740642 -1 66636191 G A 1
0 0 51305 7 66739829 66740642 -1 66674183 C T 1
0 0 51305 7 66739829 66740642 -1 66682602 T C 1
0 0 51305 7 66739829 66740642 -1 66719119 A G 1
0 0 5176 7 100352176 100367831 1 100485455 G A 1
0 0 52283 6 26224199 26227473 1 26206071 T A 1
0 0 52283 6 26224199 26227473 1 26234655 A G 1
0 0 52506 13 48974967 48976867 -1 49098304 G A -1
0 0 5472 20 49113339 49188367 -1 49256363 T C -1
0 0 58531 6 31479973 31494935 -1 31494468 C T -1
0 0 59617 6 145784406 145786559 -1 145735665 G A 1
0 0 59697 1 16228674 16231335 -1 16236473 C A -1
0 0 60256 16 48610310 48610907 1 48613569 A G 1
0 0 60256 16 48610310 48610907 1 48630535 T C 1
0 0 60256 16 48610310 48610907 1 48630770 A G 1
0 0 6069 15 40528683 40565054 -1 40565066 C A -1
0 0 6080 15 52547045 52569883 -1 52565419 A G -1
0 0 6155 17 76470891 76501790 -1 76523218 T C -1
0 0 6449 11 70270690 70385312 1 70316039 G A -1
0 0 7166 2 108449107 108509415 1 108580307 T G -1
0 0 7288 2 112973203 112985658 1 113054859 A C -1
0 0 7565 2 55634061 55693863 -1 55617309 T C -1
0 0 7972 15 90388242 90502239 1 90529921 C G -1
0 0 8438 1 226989865 227318492 -1 227298970 A C -1
0 0 8739 5 149358037 149369653 1 149357727 C T 1
0 0 8850 7 76609986 76627279 -1 76507920 G A 1
0 0 8873 7 156949712 156973176 1 156909133 G A 1
0 0 9269 13 113491021 113554590 1 113508487 A G -1
1 0 11613 10 75210154 75231448 1 75210855 G C -1
1 0 11657 10 113679162 113730907 1 113679635 C T 1
1 0 13193 18 58671465 58754477 1 58185139 G A 1
1 0 15852 14 103121476 103137439 1 103124435 G A -1
1 0 16687 22 43999211 44172939 1 44024135 G C 1
1 0 1873 1 20499448 20508151 -1 20508117 C A 1
1 0 19796 6 31494881 31511124 1 31493994 T A 1
1 0 19947 19 43967862 43998326 1 43984200 G A -1
1 0 2443 20 58985686 59008238 -1 59004895 A G -1
1 0 27139 2 161244720 161249095 1 161244750 G A -1
1 0 31946 6 31353872 31367067 -1 31353033 A G -1
1 0 32675 6 33277123 33284832 1 33276864 C T -1
1 0 35303 6 32812763 32820466 -1 32815309 A G 1
1 0 3775 11 44065925 44084237 1 44066439 G T 1
1 0 3977 6 148272304 148552044 1 148329728 G A -1
1 0 40381 8 100337595 100350707 1 100332286 T C -1
1 0 455 11 35138882 35232402 1 35208126 T C 1
1 0 4910 14 72926377 72959703 1 72927170 G A 1
1 0 6035 7 128937457 128950038 1 128938247 T G -1
1 0 60580 21 38959431 38961079 1 38957337 T G -1
1 0 6147 14 20365667 20413501 -1 20413368 T C -1
1 0 7117 1 230690776 230745576 -1 230714140 T G 1
1 0 7633 2 190646746 190692766 1 190656119 C A -1
1 0 780 1 183186238 183245127 1 183186170 G A 1
