0 0 10774 1 183620846 183635783 -1 183633925 C A 1
0 0 10774 1 183620846 183635783 -1 183693656 C T 1
0 0 10774 1 183620846 183635783 -1 183735633 T G -1
0 0 10894 1 150730079 150765957 -1 151049033 A G -1
0 0 11260 5 76615482 76623413 -1 76651188 A G -1
0 0 11287 5 96760810 96808100 -1 96885861 C G 1
0 0 11287 5 96760810 96808100 -1 96893521 G T 1
0 0 11303 5 74766991 74780113 1 74767443 G T 1
0 0 11842 16 23835983 24220611 1 23785054 A G -1
0 0 12311 2 241315100 241354027 1 241315322 G C 1
0 0 12586 5 131155383 131224468 -1 130965846 T G 1
0 0 12586 5 131155383 131224468 -1 130981181 C G 1
0 0 12586 5 131155383 131224468 -1 130982821 G C 1
0 0 12586 5 131155383 131224468 -1 131165058 A C 1
0 0 12847 7 124743885 124765792 -1 124804846 T C -1
0 0 12847 7 124743885 124765792 -1 124843653 T A -1
0 0 12847 7 124743885 124765792 -1 124857757 T A 1
0 0 12847 7 124743885 124765792 -1 124893626 C T 1
0 0 12922 2 36531805 36646087 -1 36584324 T C -1
0 0 13102 1 169792529 169794963 -1 169914408 G A -1
0 0 13310 8 33370824 33473146 -1 33473052 G A -1
0 0 13310 8 33370824 33473146 -1 33513239 G A -1
0 0 13432 2 131464900 131492743 -1 131514522 G A 1
0 0 13432 2 131464900 131492743 -1 131514541 G A 1
0 0 13447 1 22652762 22661637 1 22662673 T C 1
0 0 135 7 98291650 98401090 -1 98295171 G A 1
0 0 135 7 98291650 98401090 -1 98297104 C T 1
0 0 13870 9 95759231 95876049 -1 95876006 A G 1
0 0 13870 9 95759231 95876049 -1 95883392 G A 1
0 0 13872 11 67428460 67435401 1 67583533 C T 1
0 0 13966 17 82101460 82212878 -1 82213192 C T 1
0 0 14042 19 43474954 43504935 -1 43575535 G A -1
0 0 14249 3 48918821 48986382 1 49007334 C T 1
0 0 14607 6 32659467 32668383 -1 32609936 T C -1
0 0 14758 16 1826967 1840207 1 1827493 T C 1
0 0 14758 16 1826967 1840207 1 1870964 G C -1
0 0 14979 4 168356735 168537786 -1 168417322 C T -1
0 0 14979 4 168356735 168537786 -1 168418288 G A -1
0 0 15498 1 25338317 25362361 1 25431505 A G 1
0 0 15737 12 94895297 95003748 -1 95003981 C T -1
0 0 16044 9 92711363 92764833 -1 92729617 G A -1
0 0 16177 6 26365159 26378320 1 26365451 T G -1
0 0 16475 17 10699015 10730023 -1 10729658 C T 1
0 0 16475 17 10699015 10730023 -1 10730041 C T 1
0 0 16674 1 97077743 97995000 -1 97849505 T A -1
0 0 16909 6 32577902 32589848 -1 32604012 C A -1
0 0 16909 6 32577902 32589848 -1 32607629 A T -1
0 0 16909 6 32577902 32589848 -1 32609813 G A -1
0 0 17111 16 69976297 70065948 -1 69930471 G A -1
0 0 17121 6 32628179 32647062 1 32623877 A G 1
0 0 17169 2 97492663 97589877 -1 97589725 C G -1
0 0 17169 2 97492663 97589877 -1 97590083 G C -1
0 0 17486 16 89490719 89557766 1 89171902 C G 1
0 0 17608 12 111931282 112013185 -1 112006156 G A 1
0 0 17608 12 111931282 112013185 -1 112012950 T C 1
0 0 17608 12 111931282 112013185 -1 112163446 G A 1
0 0 17671 6 32517353 32530287 -1 32604528 G T -1
0 0 17671 6 32517353 32530287 -1 32604545 C T -1
0 0 17671 6 32517353 32530287 -1 32604718 A G -1
0 0 17671 6 32517353 32530287 -1 32609665 T A -1
0 0 17671 6 32517353 32530287 -1 32609772 A T -1
0 0 17671 6 32517353 32530287 -1 32610077 G A -1
0 0 17671 6 32517353 32530287 -1 32610198 C T -1
0 0 17680 15 62066977 62070917 1 62067151 C T 1
0 0 1906 7 76461676 76505995 1 76507967 A C -1
0 0 20285 6 29941260 29949572 1 29927334 C T -1
0 0 20285 6 29941260 29949572 1 29942328 G A -1
0 0 20285 6 29941260 29949572 1 29959757 A C -1
0 0 20285 6 29941260 29949572 1 29965032 C T -1
0 0 20285 6 29941260 29949572 1 29977154 C G -1
0 0 20285 6 29941260 29949572 1 30006211 C G -1
0 0 20285 6 29941260 29949572 1 30007316 A T -1
0 0 20285 6 29941260 29949572 1 30007318 G C -1
0 0 20285 6 29941260 29949572 1 30101748 G T -1
0 0 2231 22 42835412 43015149 -1 42799691 A G 1
0 0 2231 22 42835412 43015149 -1 43002043 C A 1
0 0 2231 22 42835412 43015149 -1 43014229 T C 1
0 0 22658 17 46193566 46197842 1 45894238 C G 1
0 0 22658 17 46193566 46197842 1 45894419 A G 1
0 0 22658 17 46193566 46197842 1 45894776 G A 1
0 0 22658 17 46193566 46197842 1 46109891 A G 1
0 0 22658 17 46193566 46197842 1 46163620 C A 1
0 0 22658 17 46193566 46197842 1 46163938 C G 1
0 0 22658 17 46193566 46197842 1 46193443 A G 1
0 0 22658 17 46193566 46197842 1 46266731 G C 1
0 0 22658 17 46193566 46197842 1 46267444 T G 1
0 0 22658 17 46193566 46197842 1 46279985 T C 1
0 0 22840 17 15976560 15999717 -1 16011758 A G -1
0 0 2292 22 41447830 41529273 1 41517473 T C 1
0 0 2409 20 34928432 34956027 -1 34769912 G A 1
0 0 2409 20 34928432 34956027 -1 34770142 C T 1
0 0 2415 20 35172072 35216240 1 34997634 C T 1
0 0 2415 20 35172072 35216240 1 35046676 G A 1
0 0 2415 20 35172072 35216240 1 35111632 G A 1
0 0 26743 7 66654513 66685692 1 66352346 G C -1
0 0 3072 19 41431318 41440717 -1 41420885 T C -1
0 0 3324 7 43608456 43729717 -1 43782253 A G -1
0 0 336 5 141958328 141990292 1 141969143 C T -1
0 0 336 5 141958328 141990292 1 141994861 T C -1
0 0 336 5 141958328 141990292 1 141996890 A C -1
0 0 34148 17 46511508 46556910 1 46026250 C T 1
0 0 34148 17 46511508 46556910 1 46107442 C G 1
0 0 34148 17 46511508 46556910 1 46164360 A G 1
0 0 3510 17 58692573 58735611 1 58668200 C T 1
0 0 3639 4 51843000 51916837 1 51906818 T C 1
0 0 36886 11 83072052 83107789 1 83080171 A G -1
0 0 3719 11 124115404 124147721 1 124193503 G A 1
0 0 3719 11 124115404 124147721 1 124309052 G A 1
0 0 3918 12 101745499 101830959 -1 101620888 C A 1
0 0 3992 6 159789812 159798436 1 159676759 G A -1
0 0 4117 5 10679230 10761234 -1 10705374 C T -1
0 0 42252 11 118700415 118750263 1 118689861 G T -1
0 0 44125 14 39265703 39267061 -1 39347355 C T 1
0 0 46157 16 50727417 50742815 -1 50699948 C G -1
0 0 49149 19 24033401 24077377 1 24049735 C T 1
0 0 49149 19 24033401 24077377 1 24054702 G A 1
0 0 4984 10 120851305 120909524 1 120883438 A G 1
0 0 50157 2 61471188 61484130 1 61434282 G A 1
0 0 50481 10 35314552 35336401 -1 35384828 A G 1
0 0 50481 10 35314552 35336401 -1 35389922 A G 1
0 0 5085 19 37613749 37692337 -1 37370959 C T -1
0 0 51305 7 66739829 66740642 -1 66439901 A G 1
0 0 51305 7 66739829 66740642 -1 66682602 T C 1
0 0 51305 7 66739829 66740642 -1 66682881 G A 1
0 0 51305 7 66739829 66740642 -1 66921904 C T 1
0 0 51555 7 128524016 128531069 -1 128658316 C G -1
0 0 53819 12 64451591 64452901 -1 64452445 A C -1
0 0 5630 4 2963571 3040760 1 2963617 G T -1
0 0 6080 15 52547045 52569883 -1 52466022 C T -1
0 0 6080 15 52547045 52569883 -1 52483710 T C -1
0 0 6087 3 134477706 134486716 -1 134542595 T C 1
0 0 6440 5 140638740 140647771 -1 140595482 T C -1
0 0 6440 5 140638740 140647771 -1 140596051 A C -1
0 0 6440 5 140638740 140647771 -1 140596087 G A -1
0 0 6490 17 18225635 18244875 1 17919166 C T -1
0 0 6626 11 68903863 68940602 1 68870008 C G 1
0 0 6626 11 68903863 68940602 1 68870269 G C 1
0 0 7138 1 183023420 183145592 1 183105629 T C -1
0 0 7289 2 113099315 113134016 1 113083938 C T -1
0 0 7289 2 113099315 113134016 1 113091384 C T -1
0 0 7295 2 130151392 130182750 -1 130144976 C T -1
0 0 738 14 87837820 87993665 -1 87992229 A G -1
0 0 738 14 87837820 87993665 -1 87992401 C T -1
0 0 738 14 87837820 87993665 -1 87993104 C G -1
0 0 7660 15 50702266 50765948 -1 50879285 G C -1
0 0 7660 15 50702266 50765948 -1 50880739 C G -1
0 0 7660 15 50702266 50765948 -1 50884323 C T -1
0 0 7660 15 50702266 50765948 -1 50909160 G T -1
0 0 7695 4 119494397 119628804 -1 119410627 T C -1
0 0 7695 4 119494397 119628804 -1 119454675 C T -1
0 0 7695 4 119494397 119628804 -1 119615235 A G -1
0 0 7698 4 75913660 75941013 -1 75941102 G A 1
0 0 7698 4 75913660 75941013 -1 76066593 T G -1
0 0 7934 15 75355207 75368612 -1 75516631 T C 1
0 0 7991 16 46702282 46790407 -1 46743151 C T 1
0 0 8739 5 149358037 149369653 1 149357651 T A 1
0 0 8873 7 156949712 156973176 1 156739011 T C 1
0 0 8873 7 156949712 156973176 1 156821048 T C 1
1 0 10186 7 129144707 129169699 1 129137407 C T -1
1 0 11287 5 96760810 96808100 -1 96893568 G A 1
1 0 11613 10 75210154 75231448 1 75210855 G C -1
1 0 13870 9 95759231 95876049 -1 96083303 G A -1
1 0 14745 5 443175 471937 1 403003 A C -1
1 0 14979 4 168356735 168537786 -1 168416097 A G 1
1 0 167 19 41549518 41586844 1 41586462 A T -1
1 0 16730 6 116461370 116463771 1 116462456 T G -1
1 0 16760 9 93431441 93453581 -1 93451009 A G 1
1 0 1873 1 20499448 20508151 -1 20508117 C A 1
1 0 19947 19 43967862 43998326 1 43984200 G A -1
1 0 20285 6 29941260 29949572 1 29942211 C T -1
1 0 2443 20 58985686 59008238 -1 59004895 A G -1
1 0 27139 2 161244720 161249095 1 161244750 G A -1
1 0 2939 8 23190452 23225102 -1 23225458 G T -1
1 0 3368 9 128191655 128255248 1 128420824 C T 1
1 0 36931 8 23224471 23230926 1 23225458 G T -1
1 0 377 2 218382029 218396894 1 218378139 T C 1
1 0 3775 11 44065925 44084237 1 44066439 G T 1
1 0 38696 8 23225233 23230915 -1 23225458 G T -1
1 0 3872 12 6375045 6391571 1 6384185 A G -1
1 0 4075 6 42183284 42194956 -1 42044286 G A -1
1 0 42024 11 44071462 44072403 1 44066439 G T 1
1 0 455 11 35138882 35232402 1 35208126 T C 1
1 0 476 8 41653220 41896741 -1 41766587 C T 1
1 0 51482 10 110428840 110496590 -1 110447570 G A -1
1 0 543 4 177430774 177442437 -1 177442224 G A 1
1 0 6147 14 20365667 20413501 -1 20413368 T C -1
1 0 7109 16 82147798 82170224 -1 82170181 C G -1
1 0 7117 1 230690776 230745576 -1 230714140 T G 1
1 0 7289 2 113099315 113134016 1 113081578 T C 1
1 0 7633 2 190646746 190692766 1 190656119 C A -1
1 0 7703 4 76949751 77040384 1 77124807 G A 1
1 0 8681 4 186191567 186213463 1 186191475 G C -1
