0 0 10739 1 58415384 58546802 -1 58531916 C T -1
0 0 10739 1 58415384 58546802 -1 58576639 T G -1
0 0 10894 1 150730079 150765957 -1 150765724 A G -1
0 0 11153 4 1345691 1395989 1 1216866 A G 1
0 0 11153 4 1345691 1395989 1 1249616 C T 1
0 0 11235 4 152779937 152918463 1 152779978 C T 1
0 0 11288 5 96875986 96919703 1 96897102 C T -1
0 0 11330 6 117453817 117569858 1 117483634 T G -1
0 0 11391 7 98252379 98310441 1 98286385 G A -1
0 0 11391 7 98252379 98310441 1 98286477 G A -1
0 0 11391 7 98252379 98310441 1 98295171 G A -1
0 0 11391 7 98252379 98310441 1 98296070 T G -1
0 0 11391 7 98252379 98310441 1 98297104 C T -1
0 0 11702 10 18659431 18681639 1 18659143 A G -1
0 0 11821 11 74807739 74949200 -1 74948744 G C 1
0 0 11821 11 74807739 74949200 -1 74948888 G A 1
0 0 1185 5 132875395 132963634 -1 132915371 T A -1
0 0 11979 22 41699503 41799456 1 41800680 G C 1
0 0 12027 16 67987746 68079320 1 67999636 G A 1
0 0 12413 3 158644527 158695581 1 158644799 C G -1
0 0 12413 3 158644527 158695581 1 158671983 C T -1
0 0 12413 3 158644527 158695581 1 158672606 A T -1
0 0 1244 17 46590669 46757679 1 46139746 G T 1
0 0 1244 17 46590669 46757679 1 46154251 A T 1
0 0 1244 17 46590669 46757679 1 46156694 A G 1
0 0 1244 17 46590669 46757679 1 46157160 C T 1
0 0 1244 17 46590669 46757679 1 46163620 C A 1
0 0 1244 17 46590669 46757679 1 46192598 T A 1
0 0 1244 17 46590669 46757679 1 46192693 A T 1
0 0 1244 17 46590669 46757679 1 46193786 G A 1
0 0 1244 17 46590669 46757679 1 46225000 G C 1
0 0 1244 17 46590669 46757679 1 46225386 G A 1
0 0 1244 17 46590669 46757679 1 46225538 T C 1
0 0 1244 17 46590669 46757679 1 46253931 G T 1
0 0 1244 17 46590669 46757679 1 46266353 C T 1
0 0 1244 17 46590669 46757679 1 46266564 A G 1
0 0 1244 17 46590669 46757679 1 46266731 G C 1
0 0 1244 17 46590669 46757679 1 46266812 T G 1
0 0 1244 17 46590669 46757679 1 46267090 T C 1
0 0 1244 17 46590669 46757679 1 46267444 T G 1
0 0 1244 17 46590669 46757679 1 46267622 C G 1
0 0 1244 17 46590669 46757679 1 46291038 C T 1
0 0 1244 17 46590669 46757679 1 46580116 G C 1
0 0 12441 4 1715952 1721358 -1 1746244 C T -1
0 0 12479 3 122739999 122793831 -1 122774830 T C -1
0 0 12754 14 75131469 75176612 -1 75124119 G A 1
0 0 13020 19 9604680 9621236 -1 9768252 T C -1
0 0 13139 1 121184811 121392874 1 121184715 A G -1
0 0 13139 1 121184811 121392874 1 121185091 A G -1
0 0 13139 1 121184811 121392874 1 121375092 A G -1
0 0 1331 12 56521820 56596193 1 56709378 T C -1
0 0 1331 12 56521820 56596193 1 56725452 G A -1
0 0 13310 8 33370824 33473146 -1 33513467 A G -1
0 0 13383 12 112160188 112382439 -1 111887962 A C 1
0 0 13383 12 112160188 112382439 -1 112096203 A G 1
0 0 13383 12 112160188 112382439 -1 112108379 C T 1
0 0 13383 12 112160188 112382439 -1 112116863 A G 1
0 0 13418 3 121769761 121835079 -1 121768839 G A 1
0 0 13583 12 65169583 65248355 1 64749602 A G 1
0 0 13583 12 65169583 65248355 1 64758204 C G -1
0 0 13607 17 1517718 1562792 -1 1533524 A G 1
0 0 13607 17 1517718 1562792 -1 1556263 C T 1
0 0 13749 11 66257294 66267860 1 66288986 G A -1
0 0 14018 17 30769388 30824692 -1 30600866 T C -1
0 0 14018 17 30769388 30824692 -1 30719764 G A -1
0 0 14018 17 30769388 30824692 -1 30731658 T A -1
0 0 14018 17 30769388 30824692 -1 30731712 C T -1
0 0 14018 17 30769388 30824692 -1 30809408 T C -1
0 0 14018 17 30769388 30824692 -1 30809450 G A -1
0 0 14018 17 30769388 30824692 -1 30815604 C T -1
0 0 14018 17 30769388 30824692 -1 30824687 C T -1
0 0 14018 17 30769388 30824692 -1 30824819 T C -1
0 0 14060 8 86468257 86514357 -1 86508665 C A 1
0 0 14068 17 46292733 46338077 1 45835269 A G 1
0 0 14068 17 46292733 46338077 1 45894091 G C 1
0 0 14068 17 46292733 46338077 1 45894419 A G 1
0 0 14068 17 46292733 46338077 1 45894571 C A 1
0 0 14068 17 46292733 46338077 1 45949182 T C -1
0 0 14068 17 46292733 46338077 1 46002355 A G 1
0 0 14068 17 46292733 46338077 1 46002673 T G 1
0 0 14068 17 46292733 46338077 1 46003042 G C 1
0 0 14068 17 46292733 46338077 1 46026459 T C 1
0 0 14068 17 46292733 46338077 1 46057025 G T 1
0 0 14068 17 46292733 46338077 1 46154251 A T 1
0 0 14068 17 46292733 46338077 1 46157160 C T 1
0 0 14068 17 46292733 46338077 1 46192598 T A 1
0 0 14068 17 46292733 46338077 1 46192693 A T 1
0 0 14068 17 46292733 46338077 1 46193443 A G 1
0 0 14068 17 46292733 46338077 1 46193786 G A 1
0 0 14068 17 46292733 46338077 1 46225515 C T 1
0 0 14068 17 46292733 46338077 1 46245556 A G 1
0 0 14068 17 46292733 46338077 1 46245594 A G 1
0 0 14068 17 46292733 46338077 1 46253931 G T 1
0 0 14068 17 46292733 46338077 1 46260063 G C 1
0 0 14068 17 46292733 46338077 1 46266934 G T 1
0 0 14068 17 46292733 46338077 1 46267010 G A 1
0 0 14068 17 46292733 46338077 1 46267090 T C 1
0 0 14068 17 46292733 46338077 1 46267444 T G 1
0 0 14068 17 46292733 46338077 1 46267622 C G 1
0 0 14078 8 85214048 85220421 -1 85177552 C G 1
0 0 14607 6 32659467 32668383 -1 32658212 A G -1
0 0 14607 6 32659467 32668383 -1 32658824 A G -1
0 0 14607 6 32659467 32668383 -1 32658837 A G -1
0 0 14607 6 32659467 32668383 -1 32668343 T C -1
0 0 14607 6 32659467 32668383 -1 32668657 A G -1
0 0 14607 6 32659467 32668383 -1 32685682 A C -1
0 0 14607 6 32659467 32668383 -1 32685900 G T -1
0 0 14758 16 1826967 1840207 1 1827493 T C 1
0 0 14776 12 95076749 95217482 -1 95088757 G A -1
0 0 14776 12 95076749 95217482 -1 95096325 G A -1
0 0 1586 17 19770829 19867936 -1 19867889 G A -1
0 0 15949 11 236966 252984 1 535798 G A -1
0 0 15949 11 236966 252984 1 537502 C T -1
0 0 16044 9 92711363 92764833 -1 92775818 A G 1
0 0 16123 2 238224552 238231711 -1 238231793 C A 1
0 0 1637 2 26190635 26244672 -1 26244479 C A -1
0 0 1637 2 26190635 26244672 -1 26244785 C T -1
0 0 1637 2 26190635 26244672 -1 26245497 G C -1
0 0 16655 20 20389530 20712644 -1 20786441 T C 1
0 0 16751 12 40196744 40369285 1 40216177 C T -1
0 0 16751 12 40196744 40369285 1 40216916 G A -1
0 0 1677 1 45786987 46036122 1 45677231 G C -1
0 0 1677 1 45786987 46036122 1 45751050 A G -1
0 0 16909 6 32577902 32589848 -1 32581834 T C -1
0 0 16909 6 32577902 32589848 -1 32581837 G A -1
0 0 16909 6 32577902 32589848 -1 32602576 C T -1
0 0 16909 6 32577902 32589848 -1 32602598 A C -1
0 0 16909 6 32577902 32589848 -1 32602600 C T -1
0 0 16909 6 32577902 32589848 -1 32602641 T G -1
0 0 16909 6 32577902 32589848 -1 32602684 C T -1
0 0 16909 6 32577902 32589848 -1 32602701 A G -1
0 0 16909 6 32577902 32589848 -1 32604043 T C -1
0 0 16909 6 32577902 32589848 -1 32604045 A T -1
0 0 16909 6 32577902 32589848 -1 32604087 T G -1
0 0 16909 6 32577902 32589848 -1 32604096 C T -1
0 0 16909 6 32577902 32589848 -1 32604099 A G -1
0 0 16909 6 32577902 32589848 -1 32604113 G A -1
0 0 16909 6 32577902 32589848 -1 32604114 G A -1
0 0 16909 6 32577902 32589848 -1 32604155 A G -1
0 0 16909 6 32577902 32589848 -1 32604156 C A -1
0 0 16909 6 32577902 32589848 -1 32604222 A T -1
0 0 16909 6 32577902 32589848 -1 32604305 C T -1
0 0 16909 6 32577902 32589848 -1 32604371 G A -1
0 0 16909 6 32577902 32589848 -1 32604378 T C -1
0 0 16909 6 32577902 32589848 -1 32604402 A G -1
0 0 16909 6 32577902 32589848 -1 32604447 A G -1
0 0 16909 6 32577902 32589848 -1 32604452 A G -1
0 0 16909 6 32577902 32589848 -1 32604457 G A -1
0 0 16909 6 32577902 32589848 -1 32604501 C A -1
0 0 16909 6 32577902 32589848 -1 32604515 A C -1
0 0 16909 6 32577902 32589848 -1 32604525 G A -1
0 0 16909 6 32577902 32589848 -1 32604528 G T -1
0 0 16909 6 32577902 32589848 -1 32604549 C T -1
0 0 16909 6 32577902 32589848 -1 32604611 T C -1
0 0 16909 6 32577902 32589848 -1 32604631 G A -1
0 0 16909 6 32577902 32589848 -1 32604656 A G -1
0 0 16909 6 32577902 32589848 -1 32604806 G A -1
0 0 16909 6 32577902 32589848 -1 32604924 A G -1
0 0 16909 6 32577902 32589848 -1 32609640 T G -1
0 0 16909 6 32577902 32589848 -1 32609665 T A -1
0 0 16909 6 32577902 32589848 -1 32609678 A G -1
0 0 16909 6 32577902 32589848 -1 32609697 T G -1
0 0 16909 6 32577902 32589848 -1 32609772 A T -1
0 0 16909 6 32577902 32589848 -1 32609819 C T -1
0 0 16909 6 32577902 32589848 -1 32609829 G T -1
0 0 16909 6 32577902 32589848 -1 32609862 T G -1
0 0 16909 6 32577902 32589848 -1 32609868 C T -1
0 0 16909 6 32577902 32589848 -1 32609918 A C -1
0 0 16909 6 32577902 32589848 -1 32609938 G T -1
0 0 16909 6 32577902 32589848 -1 32610007 C T -1
0 0 16909 6 32577902 32589848 -1 32610008 A G -1
0 0 16909 6 32577902 32589848 -1 32610034 C T -1
0 0 16909 6 32577902 32589848 -1 32610077 G A -1
0 0 16909 6 32577902 32589848 -1 32610112 T C -1
0 0 16909 6 32577902 32589848 -1 32610198 C T -1
0 0 16909 6 32577902 32589848 -1 32610204 A G -1
0 0 16909 6 32577902 32589848 -1 32610263 C G -1
0 0 16909 6 32577902 32589848 -1 32610414 C T -1
0 0 16909 6 32577902 32589848 -1 32610419 G A -1
0 0 16909 6 32577902 32589848 -1 32610421 T C -1
0 0 16909 6 32577902 32589848 -1 32622892 T A -1
0 0 16932 1 225845536 225882380 -1 225856154 A G -1
0 0 16961 19 21397119 21427577 1 21482835 T C 1
0 0 16961 19 21397119 21427577 1 21483314 A G 1
0 0 16961 19 21397119 21427577 1 21483366 G A 1
0 0 16961 19 21397119 21427577 1 21483850 G A 1
0 0 16961 19 21397119 21427577 1 21483957 C T 1
0 0 16961 19 21397119 21427577 1 21488122 A G 1
0 0 16961 19 21397119 21427577 1 21488156 G T 1
0 0 16961 19 21397119 21427577 1 21586643 G A 1
0 0 16985 1 207321519 207386804 1 207249148 C T 1
0 0 16985 1 207321519 207386804 1 207313130 T G 1
0 0 17033 12 132918306 132956306 -1 132866419 A C 1
0 0 17117 7 65873074 65959563 1 65722504 T G -1
0 0 17117 7 65873074 65959563 1 65750468 T C -1
0 0 17117 7 65873074 65959563 1 65750593 T C -1
0 0 17117 7 65873074 65959563 1 65751112 G A -1
0 0 17117 7 65873074 65959563 1 65770418 T C -1
0 0 17117 7 65873074 65959563 1 66044482 G A 1
0 0 17117 7 65873074 65959563 1 66044512 G C 1
0 0 17121 6 32628179 32647062 1 32658824 A G -1
0 0 17121 6 32628179 32647062 1 32666364 T C -1
0 0 17121 6 32628179 32647062 1 32668657 A G -1
0 0 17199 19 21496682 21556270 1 21482835 T C 1
0 0 17199 19 21496682 21556270 1 21483621 C G 1
0 0 17199 19 21496682 21556270 1 21484013 G A 1
0 0 17199 19 21496682 21556270 1 21488419 A T 1
0 0 17199 19 21496682 21556270 1 21585476 T C 1
0 0 1724 17 63827152 63832026 1 63742600 G A -1
0 0 1724 17 63827152 63832026 1 63760899 G A -1
0 0 1724 17 63827152 63832026 1 63760899 G A 1
0 0 1724 17 63827152 63832026 1 63774006 C G -1
0 0 1724 17 63827152 63832026 1 63774125 C A -1
0 0 1724 17 63827152 63832026 1 63774125 C A 1
0 0 1724 17 63827152 63832026 1 63774391 T G -1
0 0 1724 17 63827152 63832026 1 63827368 G A 1
0 0 1724 17 63827152 63832026 1 63857084 C T 1
0 0 17305 11 68891276 68903835 -1 68855760 T G -1
0 0 17305 11 68891276 68903835 -1 68903636 A G -1
0 0 17520 9 92297358 92325636 -1 92134082 T G -1
0 0 17520 9 92297358 92325636 -1 92293635 A T 1
0 0 17520 9 92297358 92325636 -1 92293811 G T 1
0 0 17520 9 92297358 92325636 -1 92293914 T G 1
0 0 17520 9 92297358 92325636 -1 92294164 C T 1
0 0 17520 9 92297358 92325636 -1 92325973 G T 1
0 0 17520 9 92297358 92325636 -1 92406630 T C 1
0 0 17520 9 92297358 92325636 -1 92669773 C A 1
0 0 17520 9 92297358 92325636 -1 92765192 G A 1
0 0 17661 1 212852105 212858139 -1 212858008 C T 1
0 0 17661 1 212852105 212858139 -1 212858367 C T 1
0 0 17669 17 43125551 43153671 1 43212891 A G -1
0 0 17669 17 43125551 43153671 1 43310023 A G -1
0 0 17669 17 43125551 43153671 1 43310090 T C -1
0 0 17669 17 43125551 43153671 1 43315904 G A -1
0 0 17669 17 43125551 43153671 1 43315939 T C -1
0 0 17669 17 43125551 43153671 1 43368091 G C -1
0 0 17671 6 32517353 32530287 -1 32602576 C T -1
0 0 17671 6 32517353 32530287 -1 32602598 A C -1
0 0 17671 6 32517353 32530287 -1 32602684 C T -1
0 0 17671 6 32517353 32530287 -1 32602701 A G -1
0 0 17671 6 32517353 32530287 -1 32604012 C A -1
0 0 17671 6 32517353 32530287 -1 32604043 T C -1
0 0 17671 6 32517353 32530287 -1 32604099 A G -1
0 0 17671 6 32517353 32530287 -1 32604155 A G -1
0 0 17671 6 32517353 32530287 -1 32604156 C A -1
0 0 17671 6 32517353 32530287 -1 32604185 A G -1
0 0 17671 6 32517353 32530287 -1 32604222 A T -1
0 0 17671 6 32517353 32530287 -1 32604283 T C -1
0 0 17671 6 32517353 32530287 -1 32604299 G A -1
0 0 17671 6 32517353 32530287 -1 32604447 A G -1
0 0 17671 6 32517353 32530287 -1 32604452 A G -1
0 0 17671 6 32517353 32530287 -1 32604472 A T -1
0 0 17671 6 32517353 32530287 -1 32604515 A C -1
0 0 17671 6 32517353 32530287 -1 32604525 G A -1
0 0 17671 6 32517353 32530287 -1 32604528 G T -1
0 0 17671 6 32517353 32530287 -1 32604631 G A -1
0 0 17671 6 32517353 32530287 -1 32604656 A G -1
0 0 17671 6 32517353 32530287 -1 32604674 A G -1
0 0 17671 6 32517353 32530287 -1 32604718 A G -1
0 0 17671 6 32517353 32530287 -1 32604770 A T -1
0 0 17671 6 32517353 32530287 -1 32604806 G A -1
0 0 17671 6 32517353 32530287 -1 32604809 G A -1
0 0 17671 6 32517353 32530287 -1 32604882 C G -1
0 0 17671 6 32517353 32530287 -1 32604918 G C -1
0 0 17671 6 32517353 32530287 -1 32609665 T A -1
0 0 17671 6 32517353 32530287 -1 32609693 T G -1
0 0 17671 6 32517353 32530287 -1 32609697 T G -1
0 0 17671 6 32517353 32530287 -1 32609813 G A -1
0 0 17671 6 32517353 32530287 -1 32609869 A G -1
0 0 17671 6 32517353 32530287 -1 32609938 G T -1
0 0 17671 6 32517353 32530287 -1 32610007 C T -1
0 0 17671 6 32517353 32530287 -1 32610077 G A -1
0 0 17671 6 32517353 32530287 -1 32610204 A G -1
0 0 17671 6 32517353 32530287 -1 32610419 G A -1
0 0 1772 13 110878540 110915069 -1 110887578 G A -1
0 0 17840 17 63622415 63696305 1 63641672 C T 1
0 0 19519 1 244969682 245127164 1 244970187 T G -1
0 0 19519 1 244969682 245127164 1 245042588 C T -1
0 0 19519 1 244969682 245127164 1 245051494 A C -1
0 0 19655 9 121444991 121499844 -1 121486171 G A -1
0 0 19655 9 121444991 121499844 -1 121486231 T C -1
0 0 19655 9 121444991 121499844 -1 121494697 G T -1
0 0 19655 9 121444991 121499844 -1 121494701 G A -1
0 0 19655 9 121444991 121499844 -1 121499393 T C -1
0 0 19783 6 31615217 31617021 1 31816104 C T 1
0 0 19801 6 31268749 31272130 -1 31273046 C A 1
0 0 19801 6 31268749 31272130 -1 31273211 T G 1
0 0 19854 6 29722775 29738528 1 29734733 G A -1
0 0 19854 6 29722775 29738528 1 29737882 A G -1
0 0 19854 6 29722775 29738528 1 29738272 G C -1
0 0 19854 6 29722775 29738528 1 29738351 G C -1
0 0 19854 6 29722775 29738528 1 29848207 G T 1
0 0 19854 6 29722775 29738528 1 29848233 C A 1
0 0 20285 6 29941260 29949572 1 29792252 G C -1
0 0 20285 6 29941260 29949572 1 29792759 G A -1
0 0 20285 6 29941260 29949572 1 29813782 A G -1
0 0 20285 6 29941260 29949572 1 29835201 A C -1
0 0 20285 6 29941260 29949572 1 29845653 C T -1
0 0 20285 6 29941260 29949572 1 29926555 T A -1
0 0 20285 6 29941260 29949572 1 29926629 C A -1
0 0 20285 6 29941260 29949572 1 29927137 C T -1
0 0 20285 6 29941260 29949572 1 29942256 G A -1
0 0 2129 22 20859007 20891214 1 20867561 A G 1
0 0 22 4 17577198 17607972 1 17614119 T A -1
0 0 22 4 17577198 17607972 1 17614331 G C -1
0 0 22 4 17577198 17607972 1 17614591 C A -1
0 0 22 4 17577198 17607972 1 17662850 G T -1
0 0 22658 17 46193566 46197842 1 45894115 T C 1
0 0 22658 17 46193566 46197842 1 45894419 A G 1
0 0 22658 17 46193566 46197842 1 46002355 A G 1
0 0 22658 17 46193566 46197842 1 46002673 T G 1
0 0 22658 17 46193566 46197842 1 46026459 T C 1
0 0 22658 17 46193566 46197842 1 46026460 G A 1
0 0 22658 17 46193566 46197842 1 46026977 A C 1
0 0 22658 17 46193566 46197842 1 46139746 G T 1
0 0 22658 17 46193566 46197842 1 46154566 G A 1
0 0 22658 17 46193566 46197842 1 46156694 A G 1
0 0 22658 17 46193566 46197842 1 46157160 C T 1
0 0 22658 17 46193566 46197842 1 46163484 T C 1
0 0 22658 17 46193566 46197842 1 46179344 G C 1
0 0 22658 17 46193566 46197842 1 46192598 T A 1
0 0 22658 17 46193566 46197842 1 46192927 G T 1
0 0 22658 17 46193566 46197842 1 46193786 G A 1
0 0 22658 17 46193566 46197842 1 46194029 G T 1
0 0 22658 17 46193566 46197842 1 46194146 G C 1
0 0 22658 17 46193566 46197842 1 46194900 A G 1
0 0 22658 17 46193566 46197842 1 46215654 G A 1
0 0 22658 17 46193566 46197842 1 46217617 C A 1
0 0 2327 14 67294371 67360265 -1 67241671 G A 1
0 0 2327 14 67294371 67360265 -1 67359442 C T 1
0 0 2409 20 34928432 34956027 -1 34911249 A G -1
0 0 2409 20 34928432 34956027 -1 35055837 T G 1
0 0 24586 3 46364391 46407117 -1 46277017 A G -1
0 0 24744 3 40313802 40453329 -1 40309292 T C 1
0 0 2519 20 23626706 23638473 -1 23656456 G T 1
0 0 254 12 6493356 6531955 1 6493347 T C -1
0 0 254 12 6493356 6531955 1 6493566 C G -1
0 0 25663 17 45435900 45490758 -1 45585803 T C -1
0 0 25663 17 45435900 45490758 -1 45585881 C A -1
0 0 25663 17 45435900 45490758 -1 45586178 C T -1
0 0 25663 17 45435900 45490758 -1 45586414 C G -1
0 0 25663 17 45435900 45490758 -1 45600223 G A -1
0 0 25663 17 45435900 45490758 -1 45894115 T C -1
0 0 25663 17 45435900 45490758 -1 45894419 A G -1
0 0 25663 17 45435900 45490758 -1 45894571 C A -1
0 0 267 12 6873569 6914241 1 6900106 A C 1
0 0 26741 1 108040263 108076020 1 108042160 A G -1
0 0 26741 1 108040263 108076020 1 108050084 A G -1
0 0 26741 1 108040263 108076020 1 108053463 G A -1
0 0 2677 13 98445185 98577940 -1 98468018 C T 1
0 0 2685 13 37009312 37059713 -1 37000577 C T 1
0 0 27960 17 46274784 46361766 -1 46771151 C A -1
0 0 27972 5 80626226 80654983 -1 80629791 C A -1
0 0 27972 5 80626226 80654983 -1 80654584 C T -1
0 0 281 14 93237550 93333092 -1 93332875 G A -1
0 0 28180 7 1160374 1165607 1 1160155 G C -1
0 0 28463 2 85815130 85825391 1 85698406 A G -1
0 0 28463 2 85815130 85825391 1 85698544 G A -1
0 0 28463 2 85815130 85825391 1 85699222 C T -1
0 0 2866 15 51447711 51622833 -1 51569229 C G -1
0 0 2866 15 51447711 51622833 -1 51575803 T A -1
0 0 2866 15 51447711 51622833 -1 51590172 C T -1
0 0 2866 15 51447711 51622833 -1 51590441 G C -1
0 0 2866 15 51447711 51622833 -1 51619395 G A -1
0 0 2866 15 51447711 51622833 -1 51620843 A G -1
0 0 2866 15 51447711 51622833 -1 51623037 A C -1
0 0 2866 15 51447711 51622833 -1 51623615 C T -1
0 0 290 17 15999784 16045015 1 15980653 T C 1
0 0 290 17 15999784 16045015 1 15981478 G A 1
0 0 290 17 15999784 16045015 1 16215740 G A 1
0 0 290 17 15999784 16045015 1 16229730 G A 1
0 0 30 17 48103357 48123601 1 48107973 G A 1
0 0 3062 19 46674275 46717127 -1 46755417 C T -1
0 0 3170 19 19710472 19733112 -1 19420561 C T -1
0 0 3170 19 19710472 19733112 -1 19515925 A G -1
0 0 3170 19 19710472 19733112 -1 19515972 T G -1
0 0 3170 19 19710472 19733112 -1 19532534 A T -1
0 0 3170 19 19710472 19733112 -1 19540331 A G -1
0 0 3170 19 19710472 19733112 -1 19542715 G A -1
0 0 319 10 45374176 45446119 1 45235541 T G 1
0 0 319 10 45374176 45446119 1 45379370 C T 1
0 0 319 10 45374176 45446119 1 45379618 T C 1
0 0 319 10 45374176 45446119 1 45380106 C T 1
0 0 319 10 45374176 45446119 1 45381159 C T 1
0 0 319 10 45374176 45446119 1 45381225 T C 1
0 0 32546 6 145799409 145887430 1 145735712 T C -1
0 0 3325 7 43758680 43807342 1 43750705 A G 1
0 0 33384 11 64325050 64340154 -1 64373170 T G 1
0 0 33384 11 64325050 64340154 -1 64373232 C T 1
0 0 33384 11 64325050 64340154 -1 64373334 T C 1
0 0 34148 17 46511508 46556910 1 46026250 C T 1
0 0 34148 17 46511508 46556910 1 46026977 A C 1
0 0 34148 17 46511508 46556910 1 46057025 G T 1
0 0 34148 17 46511508 46556910 1 46139746 G T 1
0 0 34148 17 46511508 46556910 1 46154251 A T 1
0 0 34148 17 46511508 46556910 1 46157160 C T 1
0 0 34148 17 46511508 46556910 1 46192598 T A 1
0 0 34148 17 46511508 46556910 1 46192927 G T 1
0 0 34148 17 46511508 46556910 1 46193443 A G 1
0 0 34148 17 46511508 46556910 1 46193786 G A 1
0 0 34148 17 46511508 46556910 1 46194064 A G 1
0 0 34148 17 46511508 46556910 1 46215654 G A 1
0 0 34148 17 46511508 46556910 1 46217617 C A 1
0 0 34148 17 46511508 46556910 1 46225515 C T 1
0 0 34148 17 46511508 46556910 1 46245556 A G 1
0 0 34148 17 46511508 46556910 1 46245594 A G 1
0 0 34148 17 46511508 46556910 1 46253931 G T 1
0 0 34148 17 46511508 46556910 1 46260063 G C 1
0 0 34148 17 46511508 46556910 1 46266353 C T 1
0 0 34148 17 46511508 46556910 1 46266731 G C 1
0 0 34148 17 46511508 46556910 1 46266934 G T 1
0 0 34148 17 46511508 46556910 1 46267010 G A 1
0 0 34148 17 46511508 46556910 1 46267043 A C 1
0 0 34148 17 46511508 46556910 1 46267090 T C 1
0 0 34148 17 46511508 46556910 1 46267444 T G 1
0 0 34148 17 46511508 46556910 1 46267622 C G 1
0 0 34148 17 46511508 46556910 1 46291038 C T 1
0 0 34148 17 46511508 46556910 1 46291065 C T 1
0 0 3510 17 58692573 58735611 1 58659279 A T 1
0 0 3510 17 58692573 58735611 1 58692526 G A 1
0 0 3554 17 63832081 63843065 -1 63742600 G A 1
0 0 3554 17 63832081 63843065 -1 63760899 G A 1
0 0 3554 17 63832081 63843065 -1 63827186 A G 1
0 0 3554 17 63832081 63843065 -1 63827364 T C 1
0 0 3554 17 63832081 63843065 -1 63827368 G A 1
0 0 3554 17 63832081 63843065 -1 63834901 C T 1
0 0 3554 17 63832081 63843065 -1 63843137 T C 1
0 0 3554 17 63832081 63843065 -1 63843531 C G 1
0 0 3587 17 43014607 43025123 -1 43212891 A G -1
0 0 3587 17 43014607 43025123 -1 43310090 T C -1
0 0 3587 17 43014607 43025123 -1 43315904 G A -1
0 0 3587 17 43014607 43025123 -1 43316084 T C -1
0 0 36969 12 11548030 11590369 1 11171395 G A -1
0 0 37 2 201700267 201782112 -1 201781767 C G -1
0 0 3869 12 112026689 112108796 -1 111994905 A G 1
0 0 3869 12 112026689 112108796 -1 112012629 A G 1
0 0 3869 12 112026689 112108796 -1 112012950 T C 1
0 0 3869 12 112026689 112108796 -1 112014458 T C 1
0 0 3869 12 112026689 112108796 -1 112382690 C T 1
0 0 3874 12 123250112 123272334 -1 123238286 C T 1
0 0 3874 12 123250112 123272334 -1 123365227 C A -1
0 0 4306 3 50611520 50649291 1 50568943 T C 1
0 0 4418 2 98608579 98618515 1 98420220 A G 1
0 0 4418 2 98608579 98618515 1 98445371 T C 1
0 0 4418 2 98608579 98618515 1 98454439 A G 1
0 0 4418 2 98608579 98618515 1 98489364 G C 1
0 0 4418 2 98608579 98618515 1 98489504 A G 1
0 0 4418 2 98608579 98618515 1 98489525 A G 1
0 0 4418 2 98608579 98618515 1 98508354 G A 1
0 0 4418 2 98608579 98618515 1 98508913 C T 1
0 0 442 6 122399551 122433119 1 122399661 G A 1
0 0 448 20 44942130 44960397 -1 44867968 T C -1
0 0 4487 2 197804593 198572581 1 197916136 A G 1
0 0 45380 16 2660348 2682398 -1 2657883 A G -1
0 0 45380 16 2660348 2682398 -1 2657993 T C -1
0 0 45380 16 2660348 2682398 -1 2663816 A G -1
0 0 45555 2 216217045 216220192 1 215748588 G A 1
0 0 45942 2 218255319 218257366 1 218186591 G A 1
0 0 45942 2 218255319 218257366 1 218217396 G T 1
0 0 45942 2 218255319 218257366 1 218287044 C T -1
0 0 45942 2 218255319 218257366 1 218287203 T C -1
0 0 4706 1 46340789 46365152 1 46340721 T C 1
0 0 4706 1 46340789 46365152 1 46340757 A T 1
0 0 4706 1 46340789 46365152 1 46340808 C T 1
0 0 4706 1 46340789 46365152 1 46340878 C T 1
0 0 4706 1 46340789 46365152 1 46348216 T C 1
0 0 4706 1 46340789 46365152 1 46348295 C T 1
0 0 4706 1 46340789 46365152 1 46370105 T C 1
0 0 4810 6 134917393 134950115 -1 135030950 C T -1
0 0 4940 14 75002921 75012366 1 75025993 G A 1
0 0 4940 14 75002921 75012366 1 75069224 G A -1
0 0 4940 14 75002921 75012366 1 75145322 C T -1
0 0 49450 19 57819721 57846238 1 57850181 A G -1
0 0 49661 14 103694560 103695170 1 103562469 G A 1
0 0 4994 17 46029916 46225389 -1 45835124 C G -1
0 0 4994 17 46029916 46225389 -1 45835124 C G 1
0 0 4994 17 46029916 46225389 -1 45835216 C T -1
0 0 4994 17 46029916 46225389 -1 45835216 C T 1
0 0 4994 17 46029916 46225389 -1 45835269 A G 1
0 0 4994 17 46029916 46225389 -1 45894091 G C -1
0 0 4994 17 46029916 46225389 -1 45894115 T C -1
0 0 4994 17 46029916 46225389 -1 45894115 T C 1
0 0 4994 17 46029916 46225389 -1 45894238 C G -1
0 0 4994 17 46029916 46225389 -1 45894238 C G 1
0 0 4994 17 46029916 46225389 -1 45894419 A G 1
0 0 4994 17 46029916 46225389 -1 45894571 C A 1
0 0 4994 17 46029916 46225389 -1 46002355 A G -1
0 0 4994 17 46029916 46225389 -1 46002355 A G 1
0 0 4994 17 46029916 46225389 -1 46003042 G C -1
0 0 4994 17 46029916 46225389 -1 46026250 C T 1
0 0 4994 17 46029916 46225389 -1 46026459 T C 1
0 0 4994 17 46029916 46225389 -1 46026460 G A -1
0 0 4994 17 46029916 46225389 -1 46026460 G A 1
0 0 4994 17 46029916 46225389 -1 46026977 A C -1
0 0 4994 17 46029916 46225389 -1 46057025 G T 1
0 0 4994 17 46029916 46225389 -1 46139746 G T -1
0 0 4994 17 46029916 46225389 -1 46139746 G T 1
0 0 4994 17 46029916 46225389 -1 46154251 A T -1
0 0 4994 17 46029916 46225389 -1 46154566 G A 1
0 0 4994 17 46029916 46225389 -1 46157160 C T -1
0 0 4994 17 46029916 46225389 -1 46163431 T C 1
0 0 4994 17 46029916 46225389 -1 46163484 T C 1
0 0 4994 17 46029916 46225389 -1 46163620 C A -1
0 0 4994 17 46029916 46225389 -1 46163620 C A 1
0 0 4994 17 46029916 46225389 -1 46179344 G C 1
0 0 4994 17 46029916 46225389 -1 46192598 T A -1
0 0 4994 17 46029916 46225389 -1 46193300 G C 1
0 0 4994 17 46029916 46225389 -1 46193443 A G 1
0 0 4994 17 46029916 46225389 -1 46193465 C A 1
0 0 4994 17 46029916 46225389 -1 46193786 G A -1
0 0 4994 17 46029916 46225389 -1 46194029 G T 1
0 0 4994 17 46029916 46225389 -1 46194059 T G 1
0 0 4994 17 46029916 46225389 -1 46194900 A G -1
0 0 4994 17 46029916 46225389 -1 46225000 G C -1
0 0 4994 17 46029916 46225389 -1 46225000 G C 1
0 0 4994 17 46029916 46225389 -1 46225515 C T 1
0 0 4994 17 46029916 46225389 -1 46245556 A G -1
0 0 4994 17 46029916 46225389 -1 46245594 A G 1
0 0 4994 17 46029916 46225389 -1 46260063 G C 1
0 0 4994 17 46029916 46225389 -1 46266564 A G 1
0 0 4994 17 46029916 46225389 -1 46266812 T G 1
0 0 4994 17 46029916 46225389 -1 46291038 C T -1
0 0 4994 17 46029916 46225389 -1 46291038 C T 1
0 0 4994 17 46029916 46225389 -1 46291065 C T 1
0 0 4994 17 46029916 46225389 -1 46580116 G C 1
0 0 5024 5 140664868 140674124 1 140720177 C T -1
0 0 51154 2 218818690 218819144 1 218745710 A G 1
0 0 51305 7 66739829 66740642 -1 66493276 G C 1
0 0 51305 7 66739829 66740642 -1 66558036 G A 1
0 0 51305 7 66739829 66740642 -1 66558144 G T 1
0 0 51305 7 66739829 66740642 -1 66740563 C T 1
0 0 51305 7 66739829 66740642 -1 66740949 C G 1
0 0 51305 7 66739829 66740642 -1 66817876 C A 1
0 0 51421 3 122886941 122892416 1 122689682 A G -1
0 0 51421 3 122886941 122892416 1 122768150 C A -1
0 0 51421 3 122886941 122892416 1 122774708 C T -1
0 0 5144 12 21437615 21471250 1 21437687 T C 1
0 0 5144 12 21437615 21471250 1 21456799 A G 1
0 0 51666 3 136837338 136839021 -1 136902875 A C -1
0 0 5211 5 75511845 75609991 1 75236941 G A 1
0 0 5211 5 75511845 75609991 1 75236957 C G 1
0 0 5211 5 75511845 75609991 1 75237270 A T 1
0 0 5211 5 75511845 75609991 1 75364604 G A 1
0 0 5211 5 75511845 75609991 1 75611435 G A 1
0 0 52185 17 68131462 68131907 1 68101598 C G -1
0 0 52185 17 68131462 68131907 1 68101661 C G -1
0 0 5310 10 58269162 58289586 1 58187470 A G -1
0 0 5310 10 58269162 58289586 1 58187542 C G -1
0 0 5310 10 58269162 58289586 1 58254885 G A -1
0 0 5310 10 58269162 58289586 1 58267855 G A -1
0 0 5313 10 73007217 73096974 -1 73077028 C T 1
0 0 5313 10 73007217 73096974 -1 73247517 A C 1
0 0 5313 10 73007217 73096974 -1 73252184 G C 1
0 0 5313 10 73007217 73096974 -1 73252364 A G 1
0 0 5313 10 73007217 73096974 -1 73262312 A C 1
0 0 5313 10 73007217 73096974 -1 73287928 G T 1
0 0 5313 10 73007217 73096974 -1 73529486 G C 1
0 0 5349 5 65722205 65871725 1 65735122 T C 1
0 0 5445 20 48624252 48827999 -1 48739525 T C -1
0 0 5500 2 73828916 73873659 1 74026281 C G 1
0 0 55642 7 38330978 38378804 1 38283321 C T -1
0 0 55732 6 29871895 29873783 -1 29870081 C T 1
0 0 55732 6 29871895 29873783 -1 29870162 A T 1
0 0 56992 1 84574114 84583620 1 84479306 A G 1
0 0 57324 17 45586452 45588379 -1 45592338 C A 1
0 0 57324 17 45586452 45588379 -1 45835124 C G 1
0 0 57324 17 45586452 45588379 -1 45894419 A G 1
0 0 57324 17 45586452 45588379 -1 45894571 C A 1
0 0 57324 17 45586452 45588379 -1 46002355 A G 1
0 0 57324 17 45586452 45588379 -1 46003042 G C 1
0 0 57324 17 45586452 45588379 -1 46026459 T C 1
0 0 57324 17 45586452 45588379 -1 46026977 A C 1
0 0 58250 6 136784045 136786402 1 136720227 G A 1
0 0 58250 6 136784045 136786402 1 136724060 C T 1
0 0 58250 6 136784045 136786402 1 136822473 A T -1
0 0 58250 6 136784045 136786402 1 136822571 T C -1
0 0 58408 15 79894502 79896695 -1 79930374 C G -1
0 0 58408 15 79894502 79896695 -1 79930379 G A -1
0 0 5845 14 59460363 59484408 -1 59484740 T C -1
0 0 5911 1 20740266 20787323 -1 21084298 A G -1
0 0 5911 1 20740266 20787323 -1 21165675 T C 1
0 0 5911 1 20740266 20787323 -1 21166038 T C 1
0 0 597 1 39838110 39883511 -1 39883756 G A 1
0 0 6087 3 134477706 134486716 -1 134483664 T G 1
0 0 6087 3 134477706 134486716 -1 134536149 A G 1
0 0 6087 3 134477706 134486716 -1 134542500 G T 1
0 0 6087 3 134477706 134486716 -1 134562106 G T 1
0 0 613 5 113513694 113595285 1 113495690 T C 1
0 0 613 5 113513694 113595285 1 113513600 C A 1
0 0 613 5 113513694 113595285 1 113513781 A G 1
0 0 6374 20 34872146 34927962 1 34825373 G C 1
0 0 6440 5 140638740 140647771 -1 140647631 T C -1
0 0 6440 5 140638740 140647771 -1 140664707 C A -1
0 0 6440 5 140638740 140647771 -1 140700713 T C -1
0 0 6440 5 140638740 140647771 -1 140711530 A G -1
0 0 6443 5 142108779 142154440 1 142109462 G T -1
0 0 6449 11 70270690 70385312 1 70288660 C T -1
0 0 6449 11 70270690 70385312 1 70315949 G T -1
0 0 6449 11 70270690 70385312 1 70316039 G A -1
0 0 6449 11 70270690 70385312 1 70316362 A G -1
0 0 6449 11 70270690 70385312 1 70316407 A G -1
0 0 6449 11 70270690 70385312 1 70316484 A G -1
0 0 6449 11 70270690 70385312 1 70326869 C T -1
0 0 6538 2 86143932 86195472 -1 86080005 G A -1
0 0 6626 11 68903863 68940602 1 68855760 T G 1
0 0 6761 5 146110566 146182696 -1 146079699 C T 1
0 0 6761 5 146110566 146182696 -1 146152358 G A -1
0 0 6761 5 146110566 146182696 -1 146182580 G A 1
0 0 6761 5 146110566 146182696 -1 146183002 G A 1
0 0 677 12 50175788 50283520 -1 50283723 T C 1
0 0 7005 7 77793728 77798434 -1 77697093 T C -1
0 0 7138 1 183023420 183145592 1 183022282 A G -1
0 0 7138 1 183023420 183145592 1 183023890 C T -1
0 0 7138 1 183023420 183145592 1 183030001 G T -1
0 0 7138 1 183023420 183145592 1 183105441 A G -1
0 0 7138 1 183023420 183145592 1 183105447 T C -1
0 0 7138 1 183023420 183145592 1 183105740 C T -1
0 0 7155 2 218781749 218815293 1 218723411 A G 1
0 0 7155 2 218781749 218815293 1 218733318 A T 1
0 0 7155 2 218781749 218815293 1 218733372 C T 1
0 0 7155 2 218781749 218815293 1 218744717 T C 1
0 0 7155 2 218781749 218815293 1 218745053 G A 1
0 0 7155 2 218781749 218815293 1 218745599 G A 1
0 0 7155 2 218781749 218815293 1 218745710 A G 1
0 0 7155 2 218781749 218815293 1 218776805 G T 1
0 0 7160 2 99400475 99490035 -1 99336425 G C 1
0 0 7222 7 23181841 23201011 1 23106493 C T -1
0 0 738 14 87837820 87993665 -1 87992401 C T -1
0 0 738 14 87837820 87993665 -1 87993090 G T -1
0 0 738 14 87837820 87993665 -1 87993123 C G -1
0 0 738 14 87837820 87993665 -1 88044887 T A -1
0 0 746 6 149566294 149591748 1 149718012 G A -1
0 0 746 6 149566294 149591748 1 149718225 C G -1
0 0 746 6 149566294 149591748 1 149718360 T C -1
0 0 746 6 149566294 149591748 1 149746539 A G -1
0 0 7588 10 102461395 102477045 1 102596602 T C 1
0 0 7588 10 102461395 102477045 1 102615501 G A 1
0 0 7613 10 73168119 73244504 1 73077028 C T 1
0 0 7613 10 73168119 73244504 1 73096818 C G 1
0 0 7613 10 73168119 73244504 1 73252364 A G 1
0 0 7621 10 68414064 68472121 -1 68471655 G A -1
0 0 7621 10 68414064 68472121 -1 68492445 T C -1
0 0 7636 2 169528508 169573875 -1 169590136 A C 1
0 0 7698 4 75913660 75941013 -1 76012292 A G -1
0 0 7698 4 75913660 75941013 -1 76060391 T G -1
0 0 7824 12 48653211 48682238 -1 48682201 T G -1
0 0 8358 1 150794880 150809577 -1 150409359 A G 1
0 0 8358 1 150794880 150809577 -1 150561892 T C -1
0 0 865 16 1795620 1827157 -1 1826215 G T 1
0 0 8688 5 6633290 6676539 1 6644903 A G 1
0 0 8775 6 49430360 49463253 -1 49463261 T A 1
0 0 9018 9 94374569 94461042 1 94386652 A G 1
0 0 9028 9 121207794 121332843 1 121195022 G C 1
0 0 9136 11 34853094 34916379 -1 34926397 A C 1
0 0 9136 11 34853094 34916379 -1 34957345 G A 1
0 0 9205 11 118253416 118264536 -1 118263882 C T 1
0 0 9205 11 118253416 118264536 -1 118700414 C T -1
0 0 9205 11 118253416 118264536 -1 118700459 A G -1
0 0 9269 13 113491021 113554590 1 113506124 G A 1
0 0 9269 13 113491021 113554590 1 113508407 A G 1
0 0 9444 10 118674167 118755249 -1 118738067 A T -1
0 0 9588 16 11679083 11742857 -1 11673049 A G -1
0 0 969 6 30058899 30064909 1 29976370 G A 1
0 0 969 6 30058899 30064909 1 29976411 G A 1
0 0 969 6 30058899 30064909 1 29976494 G A 1
0 0 969 6 30058899 30064909 1 29976513 C A 1
0 0 969 6 30058899 30064909 1 29976527 T A 1
0 0 969 6 30058899 30064909 1 29976554 A T 1
0 0 969 6 30058899 30064909 1 29976561 A G 1
0 0 969 6 30058899 30064909 1 29976591 T C 1
0 0 969 6 30058899 30064909 1 29976610 A C 1
0 0 969 6 30058899 30064909 1 29976614 T C 1
0 0 969 6 30058899 30064909 1 29976634 G T 1
0 0 969 6 30058899 30064909 1 29976667 G C 1
0 0 969 6 30058899 30064909 1 29976671 A C 1
0 0 969 6 30058899 30064909 1 29976682 G T 1
0 0 969 6 30058899 30064909 1 29976705 C G 1
0 0 969 6 30058899 30064909 1 29976717 G T 1
0 0 969 6 30058899 30064909 1 29976746 C T 1
0 0 969 6 30058899 30064909 1 29976762 G C 1
0 0 969 6 30058899 30064909 1 29976819 A G 1
0 0 969 6 30058899 30064909 1 29976837 G A 1
0 0 969 6 30058899 30064909 1 29976844 T C 1
0 0 969 6 30058899 30064909 1 29977178 A G 1
0 0 969 6 30058899 30064909 1 29977255 A C 1
0 0 969 6 30058899 30064909 1 29977280 C T 1
0 0 969 6 30058899 30064909 1 29977293 A G 1
0 0 969 6 30058899 30064909 1 29977294 G T 1
0 0 969 6 30058899 30064909 1 29977331 G C 1
0 0 969 6 30058899 30064909 1 29977334 T C 1
0 0 969 6 30058899 30064909 1 29977386 T G 1
0 0 969 6 30058899 30064909 1 29982265 A G 1
0 0 969 6 30058899 30064909 1 29982268 C T 1
0 0 969 6 30058899 30064909 1 29982288 C A 1
0 0 969 6 30058899 30064909 1 29982294 G A 1
0 0 969 6 30058899 30064909 1 29992905 A G 1
0 0 969 6 30058899 30064909 1 29992949 T C 1
0 0 969 6 30058899 30064909 1 29992992 T G 1
0 0 969 6 30058899 30064909 1 29993013 A G 1
0 0 969 6 30058899 30064909 1 29993024 T A 1
0 0 969 6 30058899 30064909 1 29993103 C T 1
0 0 969 6 30058899 30064909 1 29993110 T C 1
0 0 969 6 30058899 30064909 1 29993112 C A 1
0 0 969 6 30058899 30064909 1 30006212 G C 1
0 0 969 6 30058899 30064909 1 30006569 G C 1
0 0 969 6 30058899 30064909 1 30013591 G T 1
0 0 9844 14 22773222 22829820 -1 22802836 C T -1
1 0 10051 7 91264433 91271326 1 91326645 G T 1
1 0 10186 7 129144707 129169699 1 129137407 C T -1
1 0 10249 1 161215234 161220699 1 161215268 G T 1
1 0 10430 21 44885953 44931989 -1 44908184 T C -1
1 0 10430 21 44885953 44931989 -1 44908184 T C 1
1 0 10474 11 118226690 118252365 -1 118263882 C T 1
1 0 10625 17 7101322 7115700 -1 7112392 C T 1
1 0 10870 1 226061851 226072019 1 226070308 C T 1
1 0 10958 3 68975217 69013684 -1 69012875 C A -1
1 0 10977 4 57030773 57110385 -1 57051180 G T 1
1 0 11015 1 205302063 205321745 -1 205313851 C T -1
1 0 11034 3 112921205 112975103 -1 112974906 A T 1
1 0 11165 4 6693878 6697170 1 6695946 T C 1
1 0 1117 5 150485818 150558211 1 150488763 G A -1
1 0 11218 4 121667946 121696995 -1 121696338 T C -1
1 0 11657 10 113679162 113730907 1 113679635 C T 1
1 0 11848 12 8533305 8540905 -1 8540822 T C 1
1 0 1186 10 58334979 58370751 1 58384447 G A -1
1 0 11913 15 89784895 89815401 -1 89814887 A G -1
1 0 12101 19 54160108 54173250 -1 54162624 C G 1
1 0 12110 8 139727725 140458579 -1 140457861 A G -1
1 0 12156 19 52594060 52690559 -1 52638372 G A -1
1 0 12176 19 12796820 12801800 -1 12766150 G C 1
1 0 12266 1 228487382 228499899 1 228486817 G A -1
1 0 12412 4 4290251 4321786 1 4270775 C T -1
1 0 12550 14 20955487 20956436 1 20891649 C A 1
1 0 12552 14 20891385 20892348 1 20891649 C A 1
1 0 12777 10 129467190 129770983 1 129467281 C T -1
1 0 129 17 50543058 50555852 1 50547162 A C -1
1 0 14123 12 132725503 132761832 -1 132760766 G A -1
1 0 14607 6 32659467 32668383 -1 32668751 A G -1
1 0 14659 13 43879284 43893932 1 43879737 A G -1
1 0 15110 1 231018958 231040254 -1 231054072 A G 1
1 0 15408 1 37996770 38005606 -1 37999643 G A 1
1 0 15502 22 38861422 38872249 -1 38870446 C A -1
1 0 1589 1 11934205 11975538 1 11986032 G A -1
1 0 15965 16 88677688 88686507 -1 88692110 C T 1
1 0 16599 19 9323772 9351162 1 9324196 C T -1
1 0 16751 12 40196744 40369285 1 40227006 C G 1
1 0 16795 19 54040825 54063953 -1 54062922 T C 1
1 0 16795 19 54040825 54063953 -1 54063999 A G -1
1 0 17033 12 132918306 132956306 -1 132956288 C A 1
1 0 17066 20 47656197 47786616 -1 47727674 T G -1
1 0 17207 5 151100706 151157815 -1 151135481 C A 1
1 0 17290 15 90717346 90816166 1 90808700 G A 1
1 0 1732 4 2793071 2841098 1 2801621 T C -1
1 0 17426 12 56041351 56044697 1 56042145 C G -1
1 0 17437 19 859453 867884 1 859368 G T 1
1 0 17492 14 52639915 52695900 -1 52697146 G C -1
1 0 17784 14 20461992 20477094 1 20470092 A C -1
1 0 1871 12 69348381 69354234 1 69338325 T C -1
1 0 1925 4 25747433 25863760 -1 25861753 G T -1
1 0 19622 10 88759982 88779626 1 88766035 C T 1
1 0 19632 9 129476946 129513687 1 129491640 G A -1
1 0 19801 6 31268749 31272130 -1 31272351 C T -1
1 0 19801 6 31268749 31272130 -1 31304776 G A 1
1 0 19854 6 29722775 29738528 1 29948614 A C 1
1 0 1987 22 45163925 45188017 1 45132192 C T -1
1 0 20155 21 33642400 33899861 1 33657266 G A -1
1 0 20285 6 29941260 29949572 1 29948614 A C 1
1 0 2174 22 37608725 37633564 1 37633716 A G 1
1 0 2176 22 37634654 37656117 1 37633716 A G 1
1 0 2236 22 35299275 35347992 1 35328666 C A -1
1 0 22523 11 842812 867116 1 842775 G A 1
1 0 2306 14 24439766 24442905 -1 24422647 G A 1
1 0 2307 14 24573518 24576250 -1 24576383 A G -1
1 0 2343 14 92513781 92688994 1 92489041 A C -1
1 0 2418 20 46118271 46129863 1 46118447 G A 1
1 0 24643 19 55759097 55763421 1 55766692 G A 1
1 0 2543 18 9914016 9960021 1 9782265 A G -1
1 0 2543 18 9914016 9960021 1 9782756 A G -1
1 0 2547 18 3066807 3219968 -1 3247258 A C 1
1 0 26407 22 45133020 45163811 -1 45131964 C T -1
1 0 26683 18 79964582 79970822 1 79965655 A G 1
1 0 2784 16 87326987 87392142 -1 87368655 G C 1
1 0 27926 7 22854126 22872952 1 22854176 C G 1
1 0 2846 15 78921058 78949574 -1 78927081 C T -1
1 0 2846 15 78921058 78949574 -1 78944951 C T -1
1 0 2880 8 17156482 17224799 1 17156365 T C 1
1 0 28861 10 80046860 80078912 -1 80078900 A C 1
1 0 2931 8 19817391 19852083 1 19844490 G C -1
1 0 2939 8 23190452 23225102 -1 23225458 G T -1
1 0 2972 19 45039045 45070956 1 45040529 C T 1
1 0 31676 7 28180322 28243917 1 28237488 C G -1
1 0 3194 7 19695461 19709037 -1 19709112 C G -1
1 0 31946 6 31353872 31367067 -1 31358354 C T 1
1 0 3210 7 24698355 24757940 -1 24757074 C G 1
1 0 3240 7 120988697 121297442 1 120995877 C T 1
1 0 3245 7 29146547 29514328 1 29146960 A G 1
1 0 3247 7 73736094 73738852 -1 73734972 G A -1
1 0 3368 9 128191655 128255248 1 128218785 C T 1
1 0 3416 10 44959407 44995891 1 44968587 A G 1
1 0 3537 17 4940008 4945222 1 4945155 A G -1
1 0 35643 21 44107373 44131181 1 43939127 G T 1
1 0 36904 8 102239386 102253750 1 102239769 G A 1
1 0 36931 8 23224471 23230926 1 23225458 G T -1
1 0 36952 16 66408516 66412135 1 66408503 C T -1
1 0 3750 11 94128841 94181968 1 94128854 C T 1
1 0 3751 11 73308276 73369388 1 73307368 T A 1
1 0 3775 11 44065925 44084237 1 44066439 G T 1
1 0 3783 11 2899721 2925246 1 2901861 T G 1
1 0 396 8 37784191 37844896 1 37798665 C T -1
1 0 3960 6 10492223 10629368 1 10535358 A C -1
1 0 4096 6 26457904 26476621 1 26458297 C G -1
1 0 41469 11 117833719 117838942 1 117836227 C G 1
1 0 41469 11 117833719 117838942 1 117836476 T C 1
1 0 4153 5 79991311 80083287 1 80070257 T C -1
1 0 4180 5 1050384 1112063 -1 1104823 C T -1
1 0 4185 5 141991749 142013041 -1 142012892 G C 1
1 0 42024 11 44071462 44072403 1 44066439 G T 1
1 0 4394 2 54456327 54671446 1 54560455 C G 1
1 0 44458 15 40323692 40326715 1 40330740 A G -1
1 0 448 20 44942130 44960397 -1 44960400 G A -1
1 0 45859 17 74599820 74607246 1 74602230 C A 1
1 0 4588 1 11980181 12015211 1 11986032 G A -1
1 0 4677 1 205767986 205775482 -1 205963674 G A 1
1 0 4807 6 131135467 131283535 1 131139788 G C -1
1 0 4888 9 124257606 124353307 1 124223579 T C -1
1 0 48950 19 45641494 45642840 1 45641767 G T -1
1 0 4904 18 63327726 63367228 -1 63367187 T G 1
1 0 51227 18 3245288 3247433 -1 3247258 A C 1
1 0 5227 9 135499984 135504673 1 135501282 T G -1
1 0 5356 12 57472264 57488814 -1 57476865 A G 1
1 0 54 17 3860315 3894891 -1 3886861 T C 1
1 0 543 4 177430774 177442437 -1 177442224 G A 1
1 0 54380 5 180826871 180831621 -1 180826016 T C 1
1 0 5659 20 63520765 63522206 1 63521166 C G -1
1 0 58424 7 102699228 102748695 -1 102713561 C A 1
1 0 58738 2 131647990 131767404 1 131682500 G C 1
1 0 6062 10 48684873 48982956 1 48725929 T C 1
1 0 6276 11 1850904 1892267 1 1852991 C T 1
1 0 6278 11 1838981 1841680 1 1852991 C T -1
1 0 6615 1 160151586 160186980 1 160166418 G A -1
1 0 6861 2 11677595 11827409 1 11784824 T C 1
1 0 6993 12 114670255 114684175 -1 114762865 T G 1
1 0 7099 2 71453561 71686763 1 71451402 T C -1
1 0 7190 13 50909747 51024120 1 50892539 A G -1
1 0 7390 9 37422666 37436990 1 37422659 C T 1
1 0 7434 6 18128311 18155077 -1 18153099 T A 1
1 0 7445 4 15002481 15070153 1 14856717 C T -1
1 0 7754 12 42456757 42590355 -1 42696899 T C 1
1 0 7931 15 78277835 78299703 -1 78308226 G A 1
1 0 8213 19 51410020 51417803 -1 51417359 C T -1
1 0 8333 1 160190575 160201886 1 160166418 G A -1
1 0 8444 1 225919877 225924340 -1 225924245 T C 1
1 0 8641 4 958887 986895 -1 973551 C G 1
1 0 8814 6 139028745 139043302 1 139029045 G A -1
1 0 8940 8 19404161 19758029 -1 19697887 C T 1
1 0 9089 10 75431624 76560168 1 75383709 A G 1
1 0 9157 11 75562056 75572783 1 75582894 G C 1
1 0 9363 11 44095648 44251962 1 44066439 G T 1
1 0 9654 7 27830573 28180795 -1 28237488 C G -1
1 0 9703 5 16473038 16617101 -1 16629618 T G 1
1 0 9730 9 68328308 68531061 1 68560649 T A -1
