0 0 10452 19 21082159 21125270 1 21082365 C T -1
0 0 10774 1 183620846 183635783 -1 183623435 C T 1
0 0 10869 2 131527675 131533666 1 131493083 C G 1
0 0 10869 2 131527675 131533666 1 131504210 C G 1
0 0 10869 2 131527675 131533666 1 131504656 G A 1
0 0 10869 2 131527675 131533666 1 131504784 G A 1
0 0 10869 2 131527675 131533666 1 131504825 C T 1
0 0 10869 2 131527675 131533666 1 131527783 C A 1
0 0 11126 3 183697797 183812624 1 183659734 A C 1
0 0 11543 10 31805398 31928876 -1 31862717 C G -1
0 0 11640 10 68827531 68895432 1 68827264 A G 1
0 0 11640 10 68827531 68895432 1 68827265 G A 1
0 0 11640 10 68827531 68895432 1 68827740 T C 1
0 0 11787 10 73110375 73131828 1 73111011 T C -1
0 0 11787 10 73110375 73131828 1 73247046 A G -1
0 0 11978 22 41367333 41399326 1 41381237 A G 1
0 0 11978 22 41367333 41399326 1 41381311 G T 1
0 0 11978 22 41367333 41399326 1 41381879 G A 1
0 0 11978 22 41367333 41399326 1 41589952 G T 1
0 0 12111 19 54816468 54830778 1 54794831 T C 1
0 0 1216 22 50090006 50161690 1 50149724 G A 1
0 0 12233 3 41246599 41962130 -1 41849311 A G 1
0 0 12639 10 43138445 43185302 1 43225922 G A 1
0 0 12639 10 43138445 43185302 1 43226014 C T 1
0 0 12658 7 66205317 66420543 1 66089398 C T -1
0 0 12658 7 66205317 66420543 1 66413674 A G 1
0 0 12658 7 66205317 66420543 1 66522725 C A 1
0 0 12658 7 66205317 66420543 1 66523623 T C 1
0 0 12658 7 66205317 66420543 1 66558025 A G -1
0 0 12658 7 66205317 66420543 1 66583979 A G -1
0 0 12658 7 66205317 66420543 1 66592017 A G -1
0 0 12813 5 50396192 50443248 -1 50445695 A G 1
0 0 1285 1 20806292 21177285 -1 21084298 A G 1
0 0 13102 1 169792529 169794963 -1 169794666 G C -1
0 0 13102 1 169792529 169794963 -1 169794673 A G -1
0 0 13102 1 169792529 169794963 -1 169894024 A C -1
0 0 13102 1 169792529 169794963 -1 169894240 G T -1
0 0 13102 1 169792529 169794963 -1 169928843 G A 1
0 0 13102 1 169792529 169794963 -1 169928954 G C 1
0 0 13139 1 121184811 121392874 1 121184715 A G -1
0 0 13139 1 121184811 121392874 1 121263386 A G -1
0 0 13298 10 45727200 45792964 1 45580787 G A -1
0 0 13310 8 33370824 33473146 -1 33473169 A C -1
0 0 13310 8 33370824 33473146 -1 33513778 T C -1
0 0 13310 8 33370824 33473146 -1 33513838 T G -1
0 0 13310 8 33370824 33473146 -1 33513961 G C -1
0 0 13310 8 33370824 33473146 -1 33514027 A T -1
0 0 13392 11 64316460 64317559 -1 64386277 C T -1
0 0 13587 4 38822897 38856817 -1 38856861 G A 1
0 0 13939 1 1232237 1235041 1 1221992 G A -1
0 0 13939 1 1232237 1235041 1 1222167 T C -1
0 0 13939 1 1232237 1235041 1 1222184 G A -1
0 0 13939 1 1232237 1235041 1 1222251 G A -1
0 0 13939 1 1232237 1235041 1 1222304 C T -1
0 0 13939 1 1232237 1235041 1 1222454 C T -1
0 0 13939 1 1232237 1235041 1 1222482 C T -1
0 0 13939 1 1232237 1235041 1 1222580 T C -1
0 0 13939 1 1232237 1235041 1 1222594 A G -1
0 0 13939 1 1232237 1235041 1 1222611 G A -1
0 0 14018 17 30769388 30824692 -1 30731845 G A -1
0 0 14018 17 30769388 30824692 -1 30780453 A C -1
0 0 14018 17 30769388 30824692 -1 30780570 G A -1
0 0 14018 17 30769388 30824692 -1 30780690 T C -1
0 0 14018 17 30769388 30824692 -1 30809450 G A -1
0 0 14060 8 86468257 86514357 -1 86472684 G A 1
0 0 14162 22 42074248 42079438 1 42070505 C G 1
0 0 14162 22 42074248 42079438 1 42079564 A G -1
0 0 14162 22 42074248 42079438 1 42119745 C T -1
0 0 14162 22 42074248 42079438 1 42120225 A G -1
0 0 14522 16 28842411 28846348 -1 28863883 A T 1
0 0 14758 16 1826967 1840207 1 1826215 G T 1
0 0 14758 16 1826967 1840207 1 1827174 G A 1
0 0 14758 16 1826967 1840207 1 1872311 C T -1
0 0 14889 12 75275979 75390928 -1 75482679 A T 1
0 0 15239 21 37073226 37203112 1 37074019 A G 1
0 0 15239 21 37073226 37203112 1 37079670 T C 1
0 0 15239 21 37073226 37203112 1 37079722 C T 1
0 0 15361 22 42079691 42084284 1 42070946 C T 1
0 0 15361 22 42079691 42084284 1 42074585 G C 1
0 0 15361 22 42079691 42084284 1 42079699 T G -1
0 0 15361 22 42079691 42084284 1 42090719 G A -1
0 0 15361 22 42079691 42084284 1 42119745 C T -1
0 0 15672 6 169457212 169702067 -1 169702084 A C 1
0 0 16168 3 44584888 44648471 1 44555404 T C -1
0 0 16168 3 44584888 44648471 1 44625114 G C -1
0 0 16168 3 44584888 44648471 1 44729451 C T 1
0 0 16272 1 1203508 1206592 -1 1222167 T C -1
0 0 16272 1 1203508 1206592 -1 1222184 G A -1
0 0 16272 1 1203508 1206592 -1 1222251 G A -1
0 0 16272 1 1203508 1206592 -1 1222579 C T -1
0 0 16272 1 1203508 1206592 -1 1222580 T C -1
0 0 16272 1 1203508 1206592 -1 1222594 A G -1
0 0 16272 1 1203508 1206592 -1 1222611 G A -1
0 0 16272 1 1203508 1206592 -1 1222640 A C -1
0 0 1637 2 26190635 26244672 -1 26033278 C T -1
0 0 1637 2 26190635 26244672 -1 26122485 A G -1
0 0 16466 9 136363956 136373681 -1 136385182 C T 1
0 0 16466 9 136363956 136373681 -1 136483047 G A 1
0 0 16576 19 37506939 37548762 1 37655499 T A -1
0 0 16576 19 37506939 37548762 1 37719610 T G -1
0 0 16576 19 37506939 37548762 1 37719946 C T -1
0 0 16599 19 9323772 9351162 1 9324254 T C 1
0 0 16599 19 9323772 9351162 1 9406861 C G 1
0 0 16599 19 9323772 9351162 1 9425527 G A 1
0 0 16909 6 32577902 32589848 -1 32529878 A C -1
0 0 16909 6 32577902 32589848 -1 32590090 G A -1
0 0 16909 6 32577902 32589848 -1 32604045 A T -1
0 0 16909 6 32577902 32589848 -1 32604096 C T -1
0 0 16909 6 32577902 32589848 -1 32604099 A G -1
0 0 16909 6 32577902 32589848 -1 32604155 A G -1
0 0 16909 6 32577902 32589848 -1 32604185 A G -1
0 0 16909 6 32577902 32589848 -1 32604222 A T -1
0 0 16909 6 32577902 32589848 -1 32604302 T C -1
0 0 16909 6 32577902 32589848 -1 32604371 G A -1
0 0 16909 6 32577902 32589848 -1 32604447 A G -1
0 0 16909 6 32577902 32589848 -1 32604513 G A -1
0 0 16909 6 32577902 32589848 -1 32604545 C T -1
0 0 16909 6 32577902 32589848 -1 32604658 C A -1
0 0 16909 6 32577902 32589848 -1 32604674 A G -1
0 0 16909 6 32577902 32589848 -1 32604718 A G -1
0 0 16909 6 32577902 32589848 -1 32604806 G A -1
0 0 16909 6 32577902 32589848 -1 32604809 G A -1
0 0 16909 6 32577902 32589848 -1 32604882 C G -1
0 0 16909 6 32577902 32589848 -1 32609608 T C -1
0 0 16909 6 32577902 32589848 -1 32609697 T G -1
0 0 16909 6 32577902 32589848 -1 32609754 T G -1
0 0 16909 6 32577902 32589848 -1 32609772 A T -1
0 0 16909 6 32577902 32589848 -1 32609813 G A -1
0 0 16909 6 32577902 32589848 -1 32609936 T C -1
0 0 16909 6 32577902 32589848 -1 32609938 G T -1
0 0 16909 6 32577902 32589848 -1 32610007 C T -1
0 0 16909 6 32577902 32589848 -1 32610034 C T -1
0 0 16909 6 32577902 32589848 -1 32610112 T C -1
0 0 16909 6 32577902 32589848 -1 32610198 C T -1
0 0 16909 6 32577902 32589848 -1 32610419 G A -1
0 0 17121 6 32628179 32647062 1 32666737 A G -1
0 0 17199 19 21496682 21556270 1 21594280 G A 1
0 0 17344 4 143870864 143905563 -1 143908061 G A 1
0 0 17344 4 143870864 143905563 -1 143912000 C G 1
0 0 17344 4 143870864 143905563 -1 143912001 T G 1
0 0 17344 4 143870864 143905563 -1 143912279 C A 1
0 0 17344 4 143870864 143905563 -1 143921235 C T 1
0 0 17344 4 143870864 143905563 -1 143921752 C T 1
0 0 17362 15 52307281 52529132 -1 52482071 A G 1
0 0 17362 15 52307281 52529132 -1 52487795 A G 1
0 0 17445 19 40069152 40090943 -1 39944198 G A 1
0 0 17445 19 40069152 40090943 -1 39970813 C T 1
0 0 17464 19 12224686 12294883 -1 12289449 G A -1
0 0 17464 19 12224686 12294883 -1 12294737 T C -1
0 0 17486 16 89490719 89557766 1 89737221 C T 1
0 0 17486 16 89490719 89557766 1 89765150 C T 1
0 0 17486 16 89490719 89557766 1 89784549 A T 1
0 0 17486 16 89490719 89557766 1 89864006 G A 1
0 0 17486 16 89490719 89557766 1 89864018 A G 1
0 0 17486 16 89490719 89557766 1 89873345 C T 1
0 0 17486 16 89490719 89557766 1 89874128 G A 1
0 0 17486 16 89490719 89557766 1 89948324 T C 1
0 0 17503 9 127447674 127451406 -1 127438154 C A 1
0 0 17503 9 127447674 127451406 -1 127450597 T A 1
0 0 17505 19 9560329 9584504 -1 9539016 T C 1
0 0 17505 19 9560329 9584504 -1 9584109 G A 1
0 0 17664 19 52527652 52564464 1 52536708 T G -1
0 0 17664 19 52527652 52564464 1 52536725 A C -1
0 0 17669 17 43125551 43153671 1 43152446 T C -1
0 0 17669 17 43125551 43153671 1 43309681 A G -1
0 0 17669 17 43125551 43153671 1 43310090 T C -1
0 0 17669 17 43125551 43153671 1 43315939 T C -1
0 0 17669 17 43125551 43153671 1 43316084 T C -1
0 0 17669 17 43125551 43153671 1 43334234 G C -1
0 0 17669 17 43125551 43153671 1 43367777 G A -1
0 0 17865 22 42058334 42070842 -1 42070946 C T 1
0 0 17865 22 42058334 42070842 -1 42074585 G C 1
0 0 17871 9 74497335 74693177 1 74277492 A T 1
0 0 19854 6 29722775 29738528 1 29827970 G C -1
0 0 19854 6 29722775 29738528 1 29827974 C T -1
0 0 19855 6 29672483 29681155 -1 29680342 A G 1
0 0 20285 6 29941260 29949572 1 29847977 A G -1
0 0 21418 7 38257879 38265678 -1 38220929 C A -1
0 0 21418 7 38257879 38265678 -1 38264941 T G -1
0 0 22658 17 46193566 46197842 1 45852667 G A 1
0 0 22658 17 46193566 46197842 1 45873979 C A 1
0 0 22658 17 46193566 46197842 1 45949124 A C 1
0 0 22658 17 46193566 46197842 1 45949129 A G 1
0 0 22658 17 46193566 46197842 1 46035272 T C 1
0 0 22658 17 46193566 46197842 1 46044551 C T 1
0 0 22658 17 46193566 46197842 1 46082483 T C 1
0 0 22658 17 46193566 46197842 1 46082684 G A 1
0 0 22658 17 46193566 46197842 1 46101473 T C 1
0 0 22658 17 46193566 46197842 1 46105551 C G 1
0 0 22658 17 46193566 46197842 1 46105589 C T 1
0 0 22658 17 46193566 46197842 1 46105590 A G 1
0 0 22658 17 46193566 46197842 1 46105636 C A 1
0 0 22658 17 46193566 46197842 1 46115731 C A 1
0 0 22658 17 46193566 46197842 1 46125198 G A 1
0 0 22658 17 46193566 46197842 1 46125242 C T 1
0 0 22658 17 46193566 46197842 1 46136346 G A 1
0 0 22658 17 46193566 46197842 1 46137679 T C 1
0 0 22658 17 46193566 46197842 1 46147614 A C 1
0 0 22658 17 46193566 46197842 1 46193465 C A 1
0 0 22658 17 46193566 46197842 1 46194146 G C 1
0 0 22658 17 46193566 46197842 1 46245556 A G 1
0 0 22658 17 46193566 46197842 1 46245594 A G 1
0 0 22658 17 46193566 46197842 1 46253931 G T 1
0 0 22658 17 46193566 46197842 1 46260063 G C 1
0 0 22658 17 46193566 46197842 1 46264961 T G 1
0 0 22658 17 46193566 46197842 1 46266731 G C 1
0 0 22658 17 46193566 46197842 1 46267010 G A 1
0 0 22658 17 46193566 46197842 1 46267043 A C 1
0 0 22658 17 46193566 46197842 1 46267090 T C 1
0 0 22658 17 46193566 46197842 1 46267444 T G 1
0 0 22658 17 46193566 46197842 1 46267622 C G 1
0 0 2327 14 67294371 67360265 -1 67240905 A T 1
0 0 2327 14 67294371 67360265 -1 67360193 A G 1
0 0 2524 20 34280268 34311802 -1 34338530 G A 1
0 0 2524 20 34280268 34311802 -1 34350279 C T 1
0 0 2524 20 34280268 34311802 -1 34369410 G A 1
0 0 2524 20 34280268 34311802 -1 34376459 C A 1
0 0 2524 20 34280268 34311802 -1 34517223 T C -1
0 0 26997 7 38239580 38249572 -1 38245577 T C -1
0 0 26997 7 38239580 38249572 -1 38245588 C T -1
0 0 26997 7 38239580 38249572 -1 38245591 C A -1
0 0 26997 7 38239580 38249572 -1 38245617 T C -1
0 0 26997 7 38239580 38249572 -1 38245666 G A -1
0 0 271 6 111660332 111873452 -1 111753858 C T 1
0 0 27106 13 79406293 79427317 1 79391461 T C 1
0 0 27106 13 79406293 79427317 1 79392903 A C 1
0 0 27106 13 79406293 79427317 1 79393998 G A -1
0 0 27106 13 79406293 79427317 1 79394076 T G 1
0 0 27106 13 79406293 79427317 1 79406330 C G 1
0 0 29228 2 97416165 97433527 -1 97663592 G A -1
0 0 30 17 48103357 48123601 1 48101312 G A 1
0 0 30 17 48103357 48123601 1 48107419 A G 1
0 0 3350 9 109015135 109119947 -1 108933763 C G 1
0 0 338 12 31073860 31104799 1 31074546 G T -1
0 0 34148 17 46511508 46556910 1 46035272 T C 1
0 0 34148 17 46511508 46556910 1 46035377 C A 1
0 0 34148 17 46511508 46556910 1 46044551 C T 1
0 0 34148 17 46511508 46556910 1 46082483 T C 1
0 0 34148 17 46511508 46556910 1 46082622 G A 1
0 0 34148 17 46511508 46556910 1 46082684 G A 1
0 0 34148 17 46511508 46556910 1 46101473 T C 1
0 0 34148 17 46511508 46556910 1 46105551 C G 1
0 0 34148 17 46511508 46556910 1 46105590 A G 1
0 0 34148 17 46511508 46556910 1 46105636 C A 1
0 0 34148 17 46511508 46556910 1 46115731 C A 1
0 0 34148 17 46511508 46556910 1 46122304 G A 1
0 0 34148 17 46511508 46556910 1 46122649 T C 1
0 0 34148 17 46511508 46556910 1 46125198 G A 1
0 0 34148 17 46511508 46556910 1 46125242 C T 1
0 0 34148 17 46511508 46556910 1 46125586 C G 1
0 0 34148 17 46511508 46556910 1 46128713 C T 1
0 0 34148 17 46511508 46556910 1 46137679 T C 1
0 0 34148 17 46511508 46556910 1 46147320 A T 1
0 0 34148 17 46511508 46556910 1 46154251 A T 1
0 0 34148 17 46511508 46556910 1 46192693 A T 1
0 0 34148 17 46511508 46556910 1 46192927 G T 1
0 0 34148 17 46511508 46556910 1 46193786 G A 1
0 0 34148 17 46511508 46556910 1 46194900 A G 1
0 0 34148 17 46511508 46556910 1 46213393 T C 1
0 0 34148 17 46511508 46556910 1 46213544 A G 1
0 0 34148 17 46511508 46556910 1 46225000 G C 1
0 0 34148 17 46511508 46556910 1 46225515 C T 1
0 0 3438 10 84328586 84518521 1 84342821 C T -1
0 0 3510 17 58692573 58735611 1 58659186 G A 1
0 0 3510 17 58692573 58735611 1 58659279 A T 1
0 0 3510 17 58692573 58735611 1 58692618 C T 1
0 0 35303 6 32812763 32820466 -1 32610126 A C 1
0 0 35303 6 32812763 32820466 -1 32610282 C G 1
0 0 3551 17 63819433 63830012 -1 63774006 C G 1
0 0 3551 17 63819433 63830012 -1 63827368 G A 1
0 0 3551 17 63819433 63830012 -1 63834901 C T 1
0 0 36201 7 66628881 66649067 1 66759724 A T 1
0 0 36201 7 66628881 66649067 1 66790464 T G 1
0 0 36201 7 66628881 66649067 1 66921009 A G 1
0 0 38598 8 143267433 143276931 1 143247127 T C 1
0 0 3961 6 87322583 87399749 1 87174290 T C 1
0 0 4193 5 65563236 65587549 1 65562860 G C -1
0 0 4193 5 65563236 65587549 1 65624976 C T -1
0 0 4284 3 124730433 124749273 1 124761583 A G 1
0 0 43051 12 42459366 42466128 1 42326432 C A 1
0 0 43051 12 42459366 42466128 1 42326971 G A 1
0 0 43051 12 42459366 42466128 1 42332251 G A 1
0 0 43184 12 75483454 75489820 -1 75636136 T C -1
0 0 44040 16 89912119 89920973 1 89784771 C T 1
0 0 44040 16 89912119 89920973 1 89845873 G C 1
0 0 44236 14 73787355 73803300 1 73852752 G A 1
0 0 44885 1 247187281 247188526 -1 247205427 G C 1
0 0 44885 1 247187281 247188526 -1 247205496 T C 1
0 0 45659 9 33697459 33700986 1 33676775 G C 1
0 0 45659 9 33697459 33700986 1 33676829 G T 1
0 0 45659 9 33697459 33700986 1 33677341 A C 1
0 0 45659 9 33697459 33700986 1 33677476 C T 1
0 0 4705 1 46394317 46413848 1 46340721 T C 1
0 0 4705 1 46394317 46413848 1 46340878 C T 1
0 0 4705 1 46394317 46413848 1 46341031 A G 1
0 0 4705 1 46394317 46413848 1 46348188 C T 1
0 0 4705 1 46394317 46413848 1 46348216 T C 1
0 0 4705 1 46394317 46413848 1 46348295 C T 1
0 0 4705 1 46394317 46413848 1 46348336 C T 1
0 0 4705 1 46394317 46413848 1 46348420 T G 1
0 0 4705 1 46394317 46413848 1 46373838 A G 1
0 0 4706 1 46340789 46365152 1 46340757 A T 1
0 0 4706 1 46340789 46365152 1 46340808 C T 1
0 0 4706 1 46340789 46365152 1 46340878 C T 1
0 0 4706 1 46340789 46365152 1 46341031 A G 1
0 0 4706 1 46340789 46365152 1 46347991 C T 1
0 0 4706 1 46340789 46365152 1 46348188 C T 1
0 0 4706 1 46340789 46365152 1 46348310 G A 1
0 0 4706 1 46340789 46365152 1 46348336 C T 1
0 0 4706 1 46340789 46365152 1 46348420 T G 1
0 0 4775 1 161766298 161977574 1 161766683 A G 1
0 0 4940 14 75002921 75012366 1 75002852 A G -1
0 0 4940 14 75002921 75012366 1 75069666 G A -1
0 0 4940 14 75002921 75012366 1 75127136 T C 1
0 0 4940 14 75002921 75012366 1 75127199 C T 1
0 0 4994 17 46029916 46225389 -1 45852626 C T -1
0 0 4994 17 46029916 46225389 -1 45852872 C A -1
0 0 4994 17 46029916 46225389 -1 45894419 A G -1
0 0 4994 17 46029916 46225389 -1 45894571 C A -1
0 0 4994 17 46029916 46225389 -1 45949112 A G -1
0 0 4994 17 46029916 46225389 -1 45949124 A C -1
0 0 4994 17 46029916 46225389 -1 45949129 A G -1
0 0 4994 17 46029916 46225389 -1 46002355 A G -1
0 0 4994 17 46029916 46225389 -1 46002673 T G -1
0 0 4994 17 46029916 46225389 -1 46035377 C A -1
0 0 4994 17 46029916 46225389 -1 46082483 T C -1
0 0 4994 17 46029916 46225389 -1 46082622 G A -1
0 0 4994 17 46029916 46225389 -1 46105589 C T -1
0 0 4994 17 46029916 46225389 -1 46105590 A G -1
0 0 4994 17 46029916 46225389 -1 46105636 C A -1
0 0 4994 17 46029916 46225389 -1 46125198 G A -1
0 0 4994 17 46029916 46225389 -1 46153929 G A -1
0 0 4994 17 46029916 46225389 -1 46193786 G A -1
0 0 4994 17 46029916 46225389 -1 46194064 A G -1
0 0 4994 17 46029916 46225389 -1 46213393 T C -1
0 0 4994 17 46029916 46225389 -1 46213544 A G -1
0 0 4994 17 46029916 46225389 -1 46225000 G C -1
0 0 4994 17 46029916 46225389 -1 46245556 A G -1
0 0 4994 17 46029916 46225389 -1 46245594 A G -1
0 0 4994 17 46029916 46225389 -1 46264961 T G -1
0 0 4994 17 46029916 46225389 -1 46266812 T G -1
0 0 4994 17 46029916 46225389 -1 46266934 G T -1
0 0 4994 17 46029916 46225389 -1 46267010 G A -1
0 0 4994 17 46029916 46225389 -1 46267043 A C -1
0 0 4994 17 46029916 46225389 -1 46267090 T C -1
0 0 4994 17 46029916 46225389 -1 46267444 T G -1
0 0 5014 6 149724315 149749665 -1 149746539 A G -1
0 0 5051 10 27154824 27187953 1 27154694 C G 1
0 0 5051 10 27154824 27187953 1 27155399 C A 1
0 0 51148 6 57855891 57856468 -1 57961543 A G -1
0 0 51481 7 66902857 66906297 1 67128980 C T -1
0 0 51481 7 66902857 66906297 1 67163192 C A -1
0 0 51481 7 66902857 66906297 1 67163434 C T -1
0 0 51481 7 66902857 66906297 1 67185700 A T -1
0 0 51481 7 66902857 66906297 1 67185724 C G -1
0 0 51481 7 66902857 66906297 1 67191392 A G -1
0 0 51481 7 66902857 66906297 1 67191924 G C -1
0 0 51481 7 66902857 66906297 1 67191969 T C -1
0 0 51555 7 128524016 128531069 -1 128543274 C G -1
0 0 51555 7 128524016 128531069 -1 128543486 T C -1
0 0 5350 5 65517766 65563168 -1 65562860 G C -1
0 0 53872 16 29272220 29272772 1 29273866 G A -1
0 0 5546 6 27374615 27403908 1 27389146 T G 1
0 0 5546 6 27374615 27403908 1 27478510 C G 1
0 0 55642 7 38330978 38378804 1 38331214 T C 1
0 0 55668 7 32760279 32762924 1 32728864 T C 1
0 0 55699 22 42138060 42139726 1 42070505 C G 1
0 0 55699 22 42138060 42139726 1 42070946 C T 1
0 0 55699 22 42138060 42139726 1 42070976 A T 1
0 0 55699 22 42138060 42139726 1 42079564 A G -1
0 0 55699 22 42138060 42139726 1 42119761 C T -1
0 0 58000 22 49662312 49664968 -1 49657359 A G 1
0 0 58861 19 9435590 9462529 1 9435784 C T -1
0 0 590 8 132866958 133134903 1 132833845 C T -1
0 0 6087 3 134477706 134486716 -1 134492604 A G 1
0 0 613 5 113513694 113595285 1 113513600 C A 1
0 0 613 5 113513694 113595285 1 113513781 A G 1
0 0 613 5 113513694 113595285 1 113514104 A C 1
0 0 6290 20 25673195 25696853 -1 25706930 T C -1
0 0 6401 1 40040233 40072649 1 40039538 G T -1
0 0 6401 1 40040233 40072649 1 40040200 C T -1
0 0 665 5 1317752 1345099 -1 923362 T C -1
0 0 6688 13 39655627 39791665 1 39655431 A T -1
0 0 6688 13 39655627 39791665 1 39655820 T A -1
0 0 6688 13 39655627 39791665 1 39655985 A C -1
0 0 6904 11 47239302 47248906 -1 47269208 A C -1
0 0 7166 2 108449107 108509415 1 108606280 G A 1
0 0 74 7 26667068 26995239 -1 26857820 T C 1
0 0 74 7 26667068 26995239 -1 26858021 A G 1
0 0 74 7 26667068 26995239 -1 26864711 C G 1
0 0 7439 6 30914205 30926459 1 30908122 A G 1
0 0 7547 1 75786197 75795086 1 75724884 C G -1
0 0 7588 10 102461395 102477045 1 102612684 C T 1
0 0 7627 2 191029576 191151596 -1 191126733 T C 1
0 0 7767 12 45919131 45992120 -1 46430446 G A -1
0 0 7972 15 90388242 90502239 1 90352033 G A 1
0 0 8027 16 89873570 89913627 1 89765222 G A 1
0 0 8237 1 16197854 16212652 -1 16352069 G C 1
0 0 8308 1 168576605 168582069 1 168543871 A G 1
0 0 8558 2 218568580 218597080 1 218568230 G C 1
0 0 8558 2 218568580 218597080 1 218568550 T G 1
0 0 8709 5 103120149 103212799 1 103111423 C T -1
0 0 8709 5 103120149 103212799 1 103111600 T C -1
0 0 8709 5 103120149 103212799 1 103120550 C T -1
0 0 9041 9 133328776 133336188 -1 133348464 G C 1
0 0 9041 9 133328776 133336188 -1 133348694 G T 1
0 0 9041 9 133328776 133336188 -1 133418409 G A 1
0 0 9442 5 50665899 50846519 1 50328473 C T 1
0 0 9442 5 50665899 50846519 1 50441293 A C 1
0 0 9808 6 109492855 109691217 -1 109382188 C T -1
0 0 9808 6 109492855 109691217 -1 109383183 C A -1
0 0 9808 6 109492855 109691217 -1 109383239 T C -1
0 0 9905 10 73253762 73358864 -1 73110749 A C -1
0 0 9905 10 73253762 73358864 -1 73167726 A G -1
0 0 9905 10 73253762 73358864 -1 73247517 A C -1
0 0 9905 10 73253762 73358864 -1 73414131 A G -1
0 0 9905 10 73253762 73358864 -1 73529601 C A -1
0 0 999 12 6328757 6342114 -1 5988729 C G 1
1 0 10186 7 129144707 129169699 1 129137407 C T -1
1 0 10870 1 226061851 226072019 1 226070308 C T 1
1 0 11022 3 19879472 19947025 -1 19946945 G C 1
1 0 1104 22 19179473 19291719 -1 19291450 G C 1
1 0 11612 10 49014236 49115522 -1 49136238 C G 1
1 0 11644 10 132207492 132331847 -1 132255627 A G -1
1 0 11806 11 7513298 7657127 1 7527192 G A 1
1 0 11902 11 18412318 18452063 1 18412039 C T -1
1 0 12103 19 54351384 54370558 -1 54361936 C T -1
1 0 12144 17 3510502 3557812 -1 3515164 A G 1
1 0 12182 17 74466399 74484794 1 74454263 A G 1
1 0 1228 17 39904595 39919854 -1 39926554 T C 1
1 0 12319 16 74671855 74700960 -1 74701250 G A 1
1 0 12777 10 129467190 129770983 1 129467281 C T -1
1 0 129 17 50543058 50555852 1 50547162 A C -1
1 0 13167 17 39921041 39927601 -1 39926554 T C 1
1 0 1346 8 80967810 81112068 -1 81106908 T C 1
1 0 13570 3 196639694 196662004 1 196640093 G A -1
1 0 13827 11 7970251 8001862 1 7987387 C T 1
1 0 14292 11 826144 831991 1 827713 A T 1
1 0 14525 17 8224815 8248058 -1 8247086 G C -1
1 0 14952 4 5897373 6200555 -1 6177984 C T -1
1 0 15314 19 52860851 52897693 -1 52897507 C A -1
1 0 15417 1 37956975 37990075 -1 37990434 G A 1
1 0 1655 1 108134043 108200849 -1 108200330 G T 1
1 0 16599 19 9323772 9351162 1 9324196 C T -1
1 0 16687 22 43999211 44172939 1 44024135 G C -1
1 0 17111 16 69976297 70065948 -1 69930471 G A -1
1 0 17133 3 108043091 108091862 -1 108100194 G A 1
1 0 17233 14 100291116 100306547 -1 100305638 C G 1
1 0 17335 6 136557046 136793097 -1 136761810 A G -1
1 0 17426 12 56041351 56044697 1 56042145 C G -1
1 0 1749 20 56412112 56460387 1 56434127 C A 1
1 0 1845 12 6747996 6767475 -1 6753093 G C -1
1 0 19784 6 31588895 31593006 -1 31528690 C A 1
1 0 19801 6 31268749 31272130 -1 31272264 C T -1
1 0 19801 6 31268749 31272130 -1 31272351 C T -1
1 0 19947 19 43967862 43998326 1 43984200 G A -1
1 0 20285 6 29941260 29949572 1 29949896 G A -1
1 0 2122 22 19969896 20016823 -1 19971704 G A 1
1 0 21424 7 38317017 38318861 -1 38317474 T C 1
1 0 2248 22 43166622 43187134 -1 43187592 T C -1
1 0 2503 20 2652593 2658393 1 2652650 G C 1
1 0 2547 18 3066807 3219968 -1 3247258 A C 1
1 0 27139 2 161244720 161249095 1 161244750 G A -1
1 0 27728 7 3083252 3118049 -1 3118068 A G 1
1 0 27972 5 80626226 80654983 -1 80654689 C T 1
1 0 28230 10 17214239 17230018 -1 17229401 G C 1
1 0 28861 10 80046860 80078912 -1 80078900 A C 1
1 0 29371 7 7255154 7278073 1 7258503 T C 1
1 0 2939 8 23190452 23225102 -1 23225458 G T -1
1 0 3305 7 130393771 130442433 -1 130394596 C G 1
1 0 33384 11 64325050 64340154 -1 64340005 T C 1
1 0 3463 10 988434 1019932 1 1009926 A T -1
1 0 3485 19 55385932 55403250 1 55385959 A G -1
1 0 3750 11 94128841 94181968 1 94128854 C T 1
1 0 3775 11 44065925 44084237 1 44066439 G T 1
1 0 38593 2 46490750 46542577 -1 46541996 T C -1
1 0 409 11 3087107 3166739 -1 3164967 T C 1
1 0 4180 5 1050384 1112063 -1 1104823 C T -1
1 0 43084 14 22929607 22956436 1 22929786 G A 1
1 0 448 20 44942130 44960397 -1 44960400 G A -1
1 0 46229 16 88512960 88531053 -1 88548089 C G 1
1 0 46431 16 3076911 3087112 -1 3086918 T C 1
1 0 46959 10 5153920 5185187 -1 5291988 C G 1
1 0 48198 17 75587800 75626849 1 75589275 G A 1
1 0 4889 9 113349541 113371233 1 113351116 C T -1
1 0 48950 19 45641494 45642840 1 45641767 G T -1
1 0 4910 14 72926377 72959703 1 72927170 G A 1
1 0 5233 5 176346062 176361807 -1 176361952 C T -1
1 0 527 8 2045046 2165552 1 2134028 G C 1
1 0 5377 9 133663560 133739955 -1 133738370 C G -1
1 0 543 4 177430774 177442437 -1 177442224 G A 1
1 0 5597 4 8182072 8241803 1 8229218 A G 1
1 0 5602 16 56608584 56609497 1 56610738 C A -1
1 0 58631 10 1201406 1208389 -1 1240467 C A 1
1 0 59581 11 88337839 88428548 1 88337904 A G 1
1 0 59927 8 2203320 2207704 1 2134028 G C 1
1 0 60173 8 2156683 2183273 1 2134028 G C 1
1 0 6119 19 10553085 10566031 -1 10553956 A G 1
1 0 6450 16 1528688 1555580 1 1533633 T C 1
1 0 711 3 183178041 183428778 -1 183428645 C G -1
1 0 7224 7 6577434 6589374 1 6577616 C G 1
1 0 7299 2 127048027 127107288 -1 127081898 G A 1
1 0 7299 2 127048027 127107288 -1 127082205 C A 1
1 0 732 20 51596514 51768390 -1 51773551 C T -1
1 0 7325 9 97501180 97601743 1 97575029 G A -1
1 0 7390 9 37422666 37436990 1 37422659 C T 1
1 0 7419 6 3153497 3157544 -1 3157575 C T 1
1 0 7540 15 40764068 40767708 1 40765309 C T -1
1 0 8122 17 82614562 82648553 -1 82647768 A G -1
1 0 825 8 20246165 20303963 -1 20251843 G A -1
1 0 9084 10 84194537 84219621 1 84194464 C T 1
1 0 9544 2 33436324 33564750 1 33475871 A C -1
1 0 9574 4 6026199 6200591 -1 6177984 C T -1
1 0 9818 9 15163622 15307360 -1 15299592 T C 1
