0 0 10008 3 184812143 185052614 1 185046508 A T 1
0 0 10008 3 184812143 185052614 1 185051376 T C 1
0 0 10008 3 184812143 185052614 1 185051470 T G 1
0 0 10023 3 38496127 38542161 1 38472836 G A -1
0 0 10046 7 90167590 90238137 1 90223449 A G 1
0 0 1010 3 49359139 49412998 -1 49340655 G A -1
0 0 1010 3 49359139 49412998 -1 49393450 G A 1
0 0 10160 3 138347648 138405534 1 138338361 G A -1
0 0 10160 3 138347648 138405534 1 138338877 G T -1
0 0 10160 3 138347648 138405534 1 138339073 A G -1
0 0 1023 23 24465244 24550466 1 24371908 C T -1
0 0 1023 23 24465244 24550466 1 24396262 T C -1
0 0 1023 23 24465244 24550466 1 24425877 T C -1
0 0 10248 16 24845841 24911628 1 24747810 A G -1
0 0 10261 11 78095244 78139660 -1 78022864 C G -1
0 0 10261 11 78095244 78139660 -1 78129896 T C 1
0 0 10261 11 78095244 78139660 -1 78129906 G A 1
0 0 10267 17 47823272 47831541 -1 47821691 C T -1
0 0 10267 17 47823272 47831541 -1 47831236 G A -1
0 0 10286 17 48929316 48944842 -1 48908231 A C -1
0 0 10286 17 48929316 48944842 -1 48916008 G A -1
0 0 10286 17 48929316 48944842 -1 48944056 A C -1
0 0 10286 17 48929316 48944842 -1 48945499 A G -1
0 0 10329 1 43383917 43389808 -1 43349193 T C 1
0 0 10395 3 122359591 122383231 -1 122365682 A G 1
0 0 10410 21 42879644 42913304 1 42818547 G A -1
0 0 10410 21 42879644 42913304 1 42834551 C T 1
0 0 10410 21 42879644 42913304 1 42930211 A G -1
0 0 10410 21 42879644 42913304 1 42930922 C T -1
0 0 1044 2 86020216 86106155 -1 86114205 G A 1
0 0 1044 2 86020216 86106155 -1 86115138 G A 1
0 0 10445 9 133414358 133459402 1 133460038 G A 1
0 0 10478 11 117204337 117232525 -1 117006443 A C 1
0 0 10478 11 117204337 117232525 -1 117110864 A G 1
0 0 10478 11 117204337 117232525 -1 117173487 C A 1
0 0 10478 11 117204337 117232525 -1 117220893 G C -1
0 0 10487 11 119067818 119081972 1 119066807 T C -1
0 0 10487 11 119067818 119081972 1 119067274 G A -1
0 0 10532 7 101362875 101559024 1 101348121 G C 1
0 0 10532 7 101362875 101559024 1 101362645 G C 1
0 0 10532 7 101362875 101559024 1 101362949 T G 1
0 0 10532 7 101362875 101559024 1 101363095 C T 1
0 0 10532 7 101362875 101559024 1 101363101 C T 1
0 0 10532 7 101362875 101559024 1 101363749 A G 1
0 0 10532 7 101362875 101559024 1 101363911 G T 1
0 0 10532 7 101362875 101559024 1 101364179 G C 1
0 0 10760 1 109483479 109492804 1 109299649 C T 1
0 0 10760 1 109483479 109492804 1 109306104 A T 1
0 0 10760 1 109483479 109492804 1 109392956 T C 1
0 0 10760 1 109483479 109492804 1 109466812 A C 1
0 0 10774 1 183620846 183635783 -1 183610464 C T 1
0 0 10832 1 228106679 228109312 -1 228037123 A G 1
0 0 10922 1 154502219 154548147 1 154532125 T C -1
0 0 1094 11 17208153 17349980 1 17228128 G T -1
0 0 1094 11 17208153 17349980 1 17228258 T C -1
0 0 1094 11 17208153 17349980 1 17230184 A C -1
0 0 10960 1 156591756 156609507 1 156583970 A C -1
0 0 10983 1 156308968 156367873 -1 156276951 A G -1
0 0 10983 1 156308968 156367873 -1 156281951 T C -1
0 0 10983 1 156308968 156367873 -1 156282346 C A -1
0 0 10983 1 156308968 156367873 -1 156282500 A G -1
0 0 10983 1 156308968 156367873 -1 156306955 A G -1
0 0 10983 1 156308968 156367873 -1 156308384 T C -1
0 0 10983 1 156308968 156367873 -1 156310880 A T -1
0 0 10983 1 156308968 156367873 -1 156318267 A T -1
0 0 1107 22 19036282 19122454 -1 19122896 A G -1
0 0 11114 3 45917903 45995824 -1 45929448 G A -1
0 0 11114 3 45917903 45995824 -1 46097804 G A -1
0 0 11184 3 48241100 48299253 1 48240531 C A 1
0 0 11184 3 48241100 48299253 1 48241004 T C 1
0 0 11194 3 49689538 49721529 1 49735214 A G -1
0 0 11194 3 49689538 49721529 1 49777516 T C 1
0 0 11295 5 79612120 79688246 1 79638044 T C -1
0 0 11347 7 43582758 43650713 1 43650644 C T 1
0 0 11347 7 43582758 43650713 1 43651136 A G 1
0 0 11347 7 43582758 43650713 1 43658539 T C 1
0 0 11347 7 43582758 43650713 1 43749914 C G 1
0 0 11352 5 150442635 150449739 -1 150442060 C T -1
0 0 11508 7 73834590 73842516 -1 73830849 G A -1
0 0 11508 7 73834590 73842516 -1 73832166 C T -1
0 0 11607 10 13221766 13234374 -1 12886438 T C 1
0 0 11607 10 13221766 13234374 -1 12886571 C G 1
0 0 11749 14 103556545 103562657 -1 103561933 T C 1
0 0 11787 10 73110375 73131828 1 73206856 G A -1
0 0 118 17 32927910 32945106 1 32928267 C A -1
0 0 11805 18 79069285 79378287 1 79055173 C T -1
0 0 11805 18 79069285 79378287 1 79068771 G A -1
0 0 11805 18 79069285 79378287 1 79069075 G T -1
0 0 11805 18 79069285 79378287 1 79069232 C T -1
0 0 11805 18 79069285 79378287 1 79069377 A G -1
0 0 11805 18 79069285 79378287 1 79069599 C T -1
0 0 11805 18 79069285 79378287 1 79337360 A T -1
0 0 11822 11 8612037 8682694 -1 8647890 A G 1
0 0 11890 16 20623235 20698890 -1 20612227 G A 1
0 0 11890 16 20623235 20698890 -1 20637380 G A 1
0 0 11953 15 66293217 66333898 1 66488413 C T 1
0 0 12028 12 120578764 120581402 -1 120456707 G C 1
0 0 1214 7 983181 989640 1 1012031 T C -1
0 0 1214 7 983181 989640 1 1012062 G A -1
0 0 1214 7 983181 989640 1 1012888 T G -1
0 0 1214 7 983181 989640 1 983416 G A -1
0 0 1214 7 983181 989640 1 986152 G A -1
0 0 1216 22 50090006 50161690 1 50119211 C T 1
0 0 12230 3 39406716 39426255 1 39398381 T C -1
0 0 12230 3 39406716 39426255 1 39398696 G A -1
0 0 12230 3 39406716 39426255 1 39414026 C T -1
0 0 12230 3 39406716 39426255 1 39414742 A G -1
0 0 12230 3 39406716 39426255 1 39414894 A T -1
0 0 12230 3 39406716 39426255 1 39417278 T C -1
0 0 1228 17 39904595 39919854 -1 39755268 A G -1
0 0 12310 3 57571363 57598220 -1 57597538 A T 1
0 0 12311 2 241315100 241354027 1 241308579 T C 1
0 0 12338 16 28822999 28837237 1 29220950 G C 1
0 0 12338 16 28822999 28837237 1 29251905 C A 1
0 0 12398 12 123671110 123708399 1 123692201 A G 1
0 0 12405 15 43330672 43354569 1 43317311 A G -1
0 0 12453 4 784957 826129 -1 761958 C G -1
0 0 12453 4 784957 826129 -1 765852 G A -1
0 0 1249 11 77514936 77637794 -1 77620620 A G -1
0 0 1249 11 77514936 77637794 -1 77620643 A C -1
0 0 12590 16 29995715 30005793 1 29961369 C T -1
0 0 12590 16 29995715 30005793 1 29962846 G A -1
0 0 12590 16 29995715 30005793 1 30096460 A G -1
0 0 12630 2 108533671 108687246 1 108534035 G A 1
0 0 12689 17 7932101 7949920 1 7834780 C T 1
0 0 12689 17 7932101 7949920 1 7915943 G C 1
0 0 12689 17 7932101 7949920 1 7941321 C T 1
0 0 12689 17 7932101 7949920 1 8002459 G T 1
0 0 12689 17 7932101 7949920 1 8016515 G A 1
0 0 12722 17 10697594 10711558 1 10729655 A G -1
0 0 12754 14 75131469 75176612 -1 75127199 C T 1
0 0 12754 14 75131469 75176612 -1 75182567 T C -1
0 0 1283 15 66336191 66386746 -1 66362519 G A 1
0 0 1283 15 66336191 66386746 -1 66418313 C G 1
0 0 1283 15 66336191 66386746 -1 66429193 G A 1
0 0 1283 15 66336191 66386746 -1 66430231 G A 1
0 0 1283 15 66336191 66386746 -1 66472430 C T 1
0 0 1283 15 66336191 66386746 -1 66472612 C T 1
0 0 13020 19 9604680 9621236 -1 9709518 A C -1
0 0 1303 14 103385377 103503831 1 103392336 G A 1
0 0 1303 14 103385377 103503831 1 103393869 G A -1
0 0 1303 14 103385377 103503831 1 103398548 T C 1
0 0 1303 14 103385377 103503831 1 103427734 G T 1
0 0 1303 14 103385377 103503831 1 103472327 C A 1
0 0 13079 11 21782659 22283567 1 22193357 G C -1
0 0 13102 1 169792529 169794963 -1 169944456 C G 1
0 0 13102 1 169792529 169794963 -1 169945202 A G 1
0 0 13191 17 30897336 30906238 -1 30906745 A G -1
0 0 13191 17 30897336 30906238 -1 30906870 T A -1
0 0 13310 8 33370824 33473146 -1 33485541 G A -1
0 0 13310 8 33370824 33473146 -1 33513628 T G -1
0 0 13310 8 33370824 33473146 -1 33513632 A G -1
0 0 13349 11 71453109 71524107 1 71432220 T G 1
0 0 13384 17 28755980 28855232 -1 28761418 C T -1
0 0 13384 17 28755980 28855232 -1 28786708 G C -1
0 0 13384 17 28755980 28855232 -1 28842872 G C -1
0 0 13418 3 121769761 121835079 -1 121786517 T C 1
0 0 13432 2 131464900 131492743 -1 131434314 A G -1
0 0 13432 2 131464900 131492743 -1 131434352 G C -1
0 0 13432 2 131464900 131492743 -1 131444163 C G -1
0 0 13432 2 131464900 131492743 -1 131444876 T C -1
0 0 13432 2 131464900 131492743 -1 131445357 T C -1
0 0 13432 2 131464900 131492743 -1 131445467 C T -1
0 0 13432 2 131464900 131492743 -1 131445618 A G -1
0 0 13432 2 131464900 131492743 -1 131492032 G A -1
0 0 13432 2 131464900 131492743 -1 131493005 G C -1
0 0 13432 2 131464900 131492743 -1 131493083 C G -1
0 0 13432 2 131464900 131492743 -1 131501020 A G -1
0 0 13432 2 131464900 131492743 -1 131527737 C A -1
0 0 13432 2 131464900 131492743 -1 131536675 C T -1
0 0 13432 2 131464900 131492743 -1 131543764 G A -1
0 0 13529 17 41754604 41786931 -1 41846764 G A -1
0 0 13529 17 41754604 41786931 -1 41847095 G A -1
0 0 13529 17 41754604 41786931 -1 41872197 A T -1
0 0 13529 17 41754604 41786931 -1 41872288 A G -1
0 0 13529 17 41754604 41786931 -1 41872315 C G -1
0 0 13529 17 41754604 41786931 -1 41874200 A C -1
0 0 13529 17 41754604 41786931 -1 41895469 G C -1
0 0 13535 17 80415165 80438086 1 80394251 G A 1
0 0 13662 11 66435075 66466738 -1 66454882 G A -1
0 0 13662 11 66435075 66466738 -1 66529892 C T -1
0 0 1370 16 27459555 27549913 -1 27626576 A G 1
0 0 13769 3 139005806 139360497 1 139457084 C T 1
0 0 13770 11 66070272 66244744 1 66107678 C A -1
0 0 13770 11 66070272 66244744 1 66277873 G C -1
0 0 13780 20 25762384 25868225 -1 25863024 G C -1
0 0 13800 15 34378935 34437808 -1 34570128 C T 1
0 0 13870 9 95759231 95876049 -1 95822819 A G 1
0 0 13870 9 95759231 95876049 -1 96040417 C T 1
0 0 1393 8 38400215 38468834 -1 38382874 C T -1
0 0 13966 17 82101460 82212878 -1 82217224 G C -1
0 0 13966 17 82101460 82212878 -1 82217545 T C -1
0 0 13979 8 42541155 42555195 1 42509550 T C 1
0 0 13979 8 42541155 42555195 1 42554022 A C -1
0 0 13979 8 42541155 42555195 1 42575359 G A -1
0 0 13979 8 42541155 42555195 1 42600063 T C -1
0 0 13979 8 42541155 42555195 1 42600165 A G -1
0 0 14060 8 86468257 86514357 -1 86320103 A T 1
0 0 14068 17 46292733 46338077 1 45849389 A G 1
0 0 14068 17 46292733 46338077 1 45864110 A C 1
0 0 14068 17 46292733 46338077 1 45864125 A G 1
0 0 14068 17 46292733 46338077 1 45894238 C G 1
0 0 14068 17 46292733 46338077 1 45895215 C T 1
0 0 14068 17 46292733 46338077 1 45907498 C T 1
0 0 14068 17 46292733 46338077 1 45909066 G A 1
0 0 14068 17 46292733 46338077 1 45919542 T G 1
0 0 14068 17 46292733 46338077 1 45923548 T C 1
0 0 14068 17 46292733 46338077 1 45924295 A G 1
0 0 14068 17 46292733 46338077 1 45924772 A G 1
0 0 14068 17 46292733 46338077 1 45936117 A G 1
0 0 14068 17 46292733 46338077 1 45936572 A G 1
0 0 14068 17 46292733 46338077 1 45948955 T C 1
0 0 14068 17 46292733 46338077 1 45955636 T C 1
0 0 14068 17 46292733 46338077 1 46002673 T G 1
0 0 14068 17 46292733 46338077 1 46003042 G C 1
0 0 14068 17 46292733 46338077 1 46012197 C T 1
0 0 14068 17 46292733 46338077 1 46012361 G A 1
0 0 14068 17 46292733 46338077 1 46012870 T C 1
0 0 14068 17 46292733 46338077 1 46012973 T C 1
0 0 14068 17 46292733 46338077 1 46013170 G A 1
0 0 14068 17 46292733 46338077 1 46025272 A G 1
0 0 14068 17 46292733 46338077 1 46025323 G C 1
0 0 14068 17 46292733 46338077 1 46025499 A C 1
0 0 14068 17 46292733 46338077 1 46025567 T C 1
0 0 14068 17 46292733 46338077 1 46026460 G A 1
0 0 14068 17 46292733 46338077 1 46026977 A C 1
0 0 14068 17 46292733 46338077 1 46038872 G A 1
0 0 14068 17 46292733 46338077 1 46045882 T C 1
0 0 14068 17 46292733 46338077 1 46073098 T C 1
0 0 14068 17 46292733 46338077 1 46073114 A T 1
0 0 14068 17 46292733 46338077 1 46078815 T A 1
0 0 14068 17 46292733 46338077 1 46088069 C T 1
0 0 14068 17 46292733 46338077 1 46088486 A G 1
0 0 14068 17 46292733 46338077 1 46092071 T C 1
0 0 14068 17 46292733 46338077 1 46096446 G A 1
0 0 14068 17 46292733 46338077 1 46096869 A G 1
0 0 14068 17 46292733 46338077 1 46096985 T A 1
0 0 14068 17 46292733 46338077 1 46105590 A G 1
0 0 14068 17 46292733 46338077 1 46107879 C A 1
0 0 14068 17 46292733 46338077 1 46118759 T C 1
0 0 14068 17 46292733 46338077 1 46128134 A G 1
0 0 14068 17 46292733 46338077 1 46130412 A G 1
0 0 14068 17 46292733 46338077 1 46130778 C G 1
0 0 14068 17 46292733 46338077 1 46138457 A G 1
0 0 14068 17 46292733 46338077 1 46145094 T G 1
0 0 14068 17 46292733 46338077 1 46145877 G A 1
0 0 14068 17 46292733 46338077 1 46151163 G A 1
0 0 14068 17 46292733 46338077 1 46151243 C G 1
0 0 14068 17 46292733 46338077 1 46156410 T C 1
0 0 14068 17 46292733 46338077 1 46157160 C T 1
0 0 14068 17 46292733 46338077 1 46166502 C T 1
0 0 14068 17 46292733 46338077 1 46173864 T C 1
0 0 14068 17 46292733 46338077 1 46174216 T C 1
0 0 14068 17 46292733 46338077 1 46183771 C T 1
0 0 14068 17 46292733 46338077 1 46184387 T C 1
0 0 14068 17 46292733 46338077 1 46185037 C T 1
0 0 14068 17 46292733 46338077 1 46192180 C T 1
0 0 14068 17 46292733 46338077 1 46192598 T A 1
0 0 14068 17 46292733 46338077 1 46192927 G T 1
0 0 14068 17 46292733 46338077 1 46193443 A G 1
0 0 14068 17 46292733 46338077 1 46266731 G C 1
0 0 14068 17 46292733 46338077 1 46267090 T C 1
0 0 14068 17 46292733 46338077 1 46277977 T C 1
0 0 14068 17 46292733 46338077 1 46279427 A G 1
0 0 14068 17 46292733 46338077 1 46280411 C T 1
0 0 14068 17 46292733 46338077 1 46290087 G C 1
0 0 14092 5 179550554 179610012 1 179607367 G A 1
0 0 14092 5 179550554 179610012 1 179607706 C T 1
0 0 14161 12 132623753 132687376 -1 132623501 T C 1
0 0 14161 12 132623753 132687376 -1 132649610 G A 1
0 0 14161 12 132623753 132687376 -1 132687746 C T -1
0 0 14298 11 832887 839831 1 831122 C T 1
0 0 14394 8 143915153 143976734 -1 143925453 C T -1
0 0 14394 8 143915153 143976734 -1 143933779 G A -1
0 0 14394 8 143915153 143976734 -1 143939781 C T -1
0 0 14394 8 143915153 143976734 -1 143976177 G A -1
0 0 14394 8 143915153 143976734 -1 143977246 G A -1
0 0 14394 8 143915153 143976734 -1 143977316 C T -1
0 0 14394 8 143915153 143976734 -1 143995366 C T -1
0 0 14410 11 77589391 77610356 1 77572642 G A -1
0 0 14410 11 77589391 77610356 1 77589598 C A -1
0 0 14410 11 77589391 77610356 1 77590296 G A -1
0 0 14410 11 77589391 77610356 1 77590644 C T -1
0 0 14418 7 1152071 1160759 -1 1176576 G T -1
0 0 14607 6 32659467 32668383 -1 32658813 C G -1
0 0 14607 6 32659467 32668383 -1 32658824 A G -1
0 0 14607 6 32659467 32668383 -1 32665276 T G -1
0 0 14607 6 32659467 32668383 -1 32665967 C T -1
0 0 14607 6 32659467 32668383 -1 32666255 A G -1
0 0 14607 6 32659467 32668383 -1 32666610 C T -1
0 0 14607 6 32659467 32668383 -1 32666731 C T -1
0 0 14607 6 32659467 32668383 -1 32666737 A G -1
0 0 14607 6 32659467 32668383 -1 32666843 T C -1
0 0 14607 6 32659467 32668383 -1 32668657 A G -1
0 0 14677 10 68230595 68232113 -1 68260465 T C -1
0 0 14677 10 68230595 68232113 -1 68261079 A G -1
0 0 14758 16 1826967 1840207 1 1828031 C T 1
0 0 14758 16 1826967 1840207 1 1828066 C G 1
0 0 14758 16 1826967 1840207 1 1858338 A G -1
0 0 14758 16 1826967 1840207 1 1858499 C T -1
0 0 14758 16 1826967 1840207 1 1858886 A G -1
0 0 14758 16 1826967 1840207 1 1859736 T C -1
0 0 14758 16 1826967 1840207 1 1870216 A C -1
0 0 14758 16 1826967 1840207 1 1870791 G A -1
0 0 14758 16 1826967 1840207 1 1870835 A G -1
0 0 14796 3 56557161 56621837 1 56612792 A G -1
0 0 14967 6 26634383 26659752 -1 26614580 T C -1
0 0 14981 17 82389210 82418637 -1 82376096 A C 1
0 0 1505 14 102224500 102305190 -1 102188407 G A -1
0 0 15199 15 90883695 90895776 1 90838129 C T -1
0 0 15239 21 37073226 37203112 1 37153352 T G -1
0 0 15239 21 37073226 37203112 1 37208933 T C -1
0 0 15295 23 103330229 103332326 1 103310275 G C 1
0 0 15304 6 26538366 26546933 1 26538040 T C 1
0 0 15304 6 26538366 26546933 1 26571937 G T 1
0 0 15385 1 86862445 86914424 -1 86947874 T G 1
0 0 15417 1 37956975 37990075 -1 37990219 G C -1
0 0 15440 22 31676256 31750140 -1 31432041 T C -1
0 0 15440 22 31676256 31750140 -1 31495798 T G -1
0 0 15449 21 45643694 45942454 1 45861233 C A 1
0 0 15488 23 44147872 44343672 -1 44343037 A G -1
0 0 15583 16 28688558 28735727 1 28368122 A G -1
0 0 1576 2 61476032 61538741 -1 61157771 T C -1
0 0 1576 2 61476032 61538741 -1 61434282 G A -1
0 0 1576 2 61476032 61538741 -1 61452759 C G -1
0 0 15996 21 37062846 37073170 -1 37060321 G A 1
0 0 15996 21 37062846 37073170 -1 37073754 T C -1
0 0 15996 21 37062846 37073170 -1 37074019 A G -1
0 0 15996 21 37062846 37073170 -1 37153352 T G 1
0 0 15996 21 37062846 37073170 -1 37208813 T C 1
0 0 15996 21 37062846 37073170 -1 37208933 T C 1
0 0 16028 3 49171598 49176486 1 48998452 C T -1
0 0 16028 3 49171598 49176486 1 49158699 C T -1
0 0 16028 3 49171598 49176486 1 49238531 G A -1
0 0 16028 3 49171598 49176486 1 49297175 G C -1
0 0 16123 2 238224552 238231711 -1 238234809 G A 1
0 0 16265 21 45263928 45287898 -1 45256186 C T -1
0 0 16265 21 45263928 45287898 -1 45256661 G C -1
0 0 16448 16 89726683 89816977 -1 89796553 C G 1
0 0 16448 16 89726683 89816977 -1 89816599 A T -1
0 0 16456 9 89360787 89498130 -1 89443193 C T -1
0 0 1657 7 100367530 100400096 1 100352674 A T 1
0 0 16610 7 76397518 76442071 1 76430521 G A -1
0 0 16610 7 76397518 76442071 1 76549200 T C 1
0 0 16610 7 76397518 76442071 1 76618557 G C -1
0 0 16610 7 76397518 76442071 1 76619573 C T -1
0 0 16610 7 76397518 76442071 1 76626616 C T -1
0 0 16610 7 76397518 76442071 1 76626681 T C 1
0 0 16684 1 25362249 25430192 -1 25397514 C T 1
0 0 16684 1 25362249 25430192 -1 25414356 A C 1
0 0 16684 1 25362249 25430192 -1 25418713 G T 1
0 0 16782 19 36687612 36727701 1 36687445 A G 1
0 0 16848 6 28349947 28369172 1 28399886 T C -1
0 0 16850 22 42508344 42519796 -1 42499984 T C -1
0 0 16850 22 42508344 42519796 -1 42512737 G A -1
0 0 16852 7 64888527 64890100 -1 64889370 G T -1
0 0 16852 7 64888527 64890100 -1 64889409 A G -1
0 0 16860 1 1659529 1692795 -1 1899573 C T 1
0 0 16860 1 1659529 1692795 -1 1901386 C A 1
0 0 16909 6 32577902 32589848 -1 32473349 C T 1
0 0 16909 6 32577902 32589848 -1 32473800 G C 1
0 0 16909 6 32577902 32589848 -1 32535348 C T 1
0 0 16909 6 32577902 32589848 -1 32535616 C T 1
0 0 16909 6 32577902 32589848 -1 32554718 G A 1
0 0 16909 6 32577902 32589848 -1 32558619 A G -1
0 0 16909 6 32577902 32589848 -1 32604378 T C 1
0 0 16909 6 32577902 32589848 -1 32604501 C A 1
0 0 16909 6 32577902 32589848 -1 32609862 T G 1
0 0 16909 6 32577902 32589848 -1 32610069 T C 1
0 0 16909 6 32577902 32589848 -1 32610649 A G 1
0 0 16909 6 32577902 32589848 -1 32610844 G T 1
0 0 16913 10 5035354 5107686 1 5094307 A G 1
0 0 16913 10 5035354 5107686 1 5094723 A G 1
0 0 17001 19 37668579 37676393 -1 37692214 T C -1
0 0 17001 19 37668579 37676393 -1 37692331 A C -1
0 0 17001 19 37668579 37676393 -1 37719108 T C -1
0 0 17205 7 149126416 149183042 1 149148681 G A -1
0 0 1724 17 63827152 63832026 1 63658505 C T 1
0 0 17264 5 132294394 132344190 1 132294079 C G 1
0 0 17264 5 132294394 132344190 1 132369574 G C -1
0 0 17264 5 132294394 132344190 1 132369605 T G -1
0 0 17264 5 132294394 132344190 1 132369766 C G -1
0 0 17373 18 61905255 62187118 -1 62037119 T C 1
0 0 17373 18 61905255 62187118 -1 62037487 G T 1
0 0 1740 11 66050729 66069308 1 65899678 C G -1
0 0 17438 9 137251261 137253483 1 137262977 G A -1
0 0 17482 4 99070978 99088801 -1 98995190 A G 1
0 0 17482 4 99070978 99088801 -1 99022229 G T 1
0 0 17482 4 99070978 99088801 -1 99022685 T C 1
0 0 17482 4 99070978 99088801 -1 99024757 C T 1
0 0 17486 16 89490719 89557766 1 89739506 T C 1
0 0 17486 16 89490719 89557766 1 89749959 T G 1
0 0 17486 16 89490719 89557766 1 89750016 G T 1
0 0 17486 16 89490719 89557766 1 89759965 G T 1
0 0 17486 16 89490719 89557766 1 89760222 G A 1
0 0 17486 16 89490719 89557766 1 89760831 T C 1
0 0 17486 16 89490719 89557766 1 89764835 C A 1
0 0 17486 16 89490719 89557766 1 89765112 A T 1
0 0 17486 16 89490719 89557766 1 89765222 G A 1
0 0 17486 16 89490719 89557766 1 89775197 T G 1
0 0 17486 16 89490719 89557766 1 89791527 G A 1
0 0 17486 16 89490719 89557766 1 89792009 C A 1
0 0 17486 16 89490719 89557766 1 89873345 C T 1
0 0 17486 16 89490719 89557766 1 89891227 T C 1
0 0 17486 16 89490719 89557766 1 89903159 A T 1
0 0 17486 16 89490719 89557766 1 89909816 G A 1
0 0 1751 11 77821109 77918432 1 77590644 C T -1
0 0 17511 15 82429816 82439153 1 82294446 G C -1
0 0 17511 15 82429816 82439153 1 82571691 C T -1
0 0 17511 15 82429816 82439153 1 82572642 C T -1
0 0 17511 15 82429816 82439153 1 82709864 C T -1
0 0 17511 15 82429816 82439153 1 82838179 G A -1
0 0 17511 15 82429816 82439153 1 82890083 A G -1
0 0 17520 9 92297358 92325636 -1 92536646 T C 1
0 0 17520 9 92297358 92325636 -1 92651285 T C 1
0 0 17547 19 40875439 40882752 -1 40880581 C A 1
0 0 17547 19 40875439 40882752 -1 40880622 G A 1
0 0 17579 8 144720907 144756417 -1 144763522 G T -1
0 0 17655 19 36916316 37005037 1 36972887 G C 1
0 0 17655 19 36916316 37005037 1 36973704 G T 1
0 0 17655 19 36916316 37005037 1 36973945 T C 1
0 0 17655 19 36916316 37005037 1 37015260 C T 1
0 0 17661 1 212852105 212858139 -1 212916955 A C 1
0 0 17665 1 145866560 145885866 -1 145873487 G A 1
0 0 17669 17 43125551 43153671 1 43048092 T C -1
0 0 17669 17 43125551 43153671 1 43152446 T C -1
0 0 17857 17 47694161 47712052 1 47663650 C T -1
0 0 17857 17 47694161 47712052 1 47664867 T A -1
0 0 17857 17 47694161 47712052 1 47694450 T C -1
0 0 17859 6 37482938 37499893 -1 37484078 G T 1
0 0 17859 6 37482938 37499893 -1 37512829 G A 1
0 0 1818 12 120196699 120201235 -1 120162198 G A -1
0 0 1833 19 34677639 34686397 1 34677724 G A -1
0 0 1847 14 94048287 94081202 -1 94051734 G C -1
0 0 1847 14 94048287 94081202 -1 94051863 G C -1
0 0 1906 7 76461676 76505995 1 76513555 A G -1
0 0 19496 14 31334312 31457441 -1 31321359 T C 1
0 0 19580 6 87344813 87365463 1 87323070 G T -1
0 0 19637 23 102140476 102142970 -1 101839226 G A -1
0 0 19656 1 28369582 28500364 1 28328558 T C -1
0 0 19656 1 28369582 28500364 1 28351309 T C -1
0 0 19656 1 28369582 28500364 1 28370167 C G -1
0 0 19656 1 28369582 28500364 1 28377070 T C -1
0 0 19656 1 28369582 28500364 1 28377218 G A -1
0 0 19656 1 28369582 28500364 1 28395056 G A -1
0 0 19656 1 28369582 28500364 1 28395202 A G -1
0 0 19656 1 28369582 28500364 1 28401495 C T -1
0 0 19656 1 28369582 28500364 1 28409762 C T -1
0 0 19656 1 28369582 28500364 1 28418394 A T -1
0 0 19707 6 32393339 32407181 -1 32393631 C T -1
0 0 19707 6 32393339 32407181 -1 32393647 T C -1
0 0 19707 6 32393339 32407181 -1 32393672 C A -1
0 0 19707 6 32393339 32407181 -1 32393692 C T -1
0 0 19707 6 32393339 32407181 -1 32393748 T C -1
0 0 19740 11 111540280 111561745 1 111570140 C G 1
0 0 19740 11 111540280 111561745 1 111699207 G A 1
0 0 19740 11 111540280 111561745 1 111766478 C A 1
0 0 19796 6 31494881 31511124 1 31494202 C T 1
0 0 19801 6 31268749 31272130 -1 31204138 T C -1
0 0 19801 6 31268749 31272130 -1 31204267 T C -1
0 0 19801 6 31268749 31272130 -1 31307826 G C -1
0 0 19854 6 29722775 29738528 1 29723320 A T 1
0 0 19854 6 29722775 29738528 1 29723526 G A 1
0 0 19854 6 29722775 29738528 1 29723967 C G 1
0 0 19854 6 29722775 29738528 1 29749603 T C -1
0 0 19889 9 70033921 70175888 -1 70133516 C T 1
0 0 19889 9 70033921 70175888 -1 70151819 C A 1
0 0 19889 9 70033921 70175888 -1 70205482 T C 1
0 0 19889 9 70033921 70175888 -1 70205489 C T 1
0 0 19889 9 70033921 70175888 -1 70228256 C T 1
0 0 19889 9 70033921 70175888 -1 70228742 T C 1
0 0 19889 9 70033921 70175888 -1 70329499 G A 1
0 0 19889 9 70033921 70175888 -1 70356296 A T 1
0 0 1994 3 37052626 37183689 -1 36970133 G A -1
0 0 1994 3 37052626 37183689 -1 37031214 G A -1
0 0 1994 3 37052626 37183689 -1 37032877 C G -1
0 0 1994 3 37052626 37183689 -1 37183476 C G -1
0 0 1994 3 37052626 37183689 -1 37184237 T C -1
0 0 20003 7 128671693 128687877 1 128557951 T C 1
0 0 20003 7 128671693 128687877 1 128563961 C T 1
0 0 20003 7 128671693 128687877 1 128659353 C T 1
0 0 20003 7 128671693 128687877 1 128673661 C T 1
0 0 20003 7 128671693 128687877 1 128674032 C T 1
0 0 20105 11 2944431 2992377 -1 2941541 G C 1
0 0 20105 11 2944431 2992377 -1 2975459 A G -1
0 0 20105 11 2944431 2992377 -1 2982256 C T -1
0 0 20151 12 25195216 25209645 1 25135941 G C 1
0 0 20151 12 25195216 25209645 1 25135996 C A 1
0 0 20219 4 8482270 8516759 1 8428090 A G -1
0 0 20219 4 8482270 8516759 1 8428216 T G -1
0 0 20219 4 8482270 8516759 1 8488803 T C 1
0 0 20219 4 8482270 8516759 1 8503182 A T -1
0 0 20219 4 8482270 8516759 1 8506704 C T 1
0 0 20219 4 8482270 8516759 1 8506852 C G 1
0 0 2025 10 100232298 100267680 -1 100044357 C T 1
0 0 20276 6 31197760 31203968 1 31272576 A C 1
0 0 20276 6 31197760 31203968 1 31272886 T A 1
0 0 20285 6 29941260 29949572 1 29953064 A G -1
0 0 2128 22 20774113 20787720 1 20733858 C G 1
0 0 2128 22 20774113 20787720 1 20763851 C T 1
0 0 2128 22 20774113 20787720 1 20764630 T G 1
0 0 2128 22 20774113 20787720 1 20793997 C A 1
0 0 2128 22 20774113 20787720 1 20858368 T C 1
0 0 2128 22 20774113 20787720 1 20866363 C G 1
0 0 2129 22 20859007 20891214 1 20726260 C A 1
0 0 2129 22 20859007 20891214 1 20751853 T C 1
0 0 2129 22 20859007 20891214 1 20858428 G A 1
0 0 2129 22 20859007 20891214 1 20875276 C T 1
0 0 2134 22 23786931 23838009 1 23804365 A C -1
0 0 2134 22 23786931 23838009 1 23805071 G A -1
0 0 2134 22 23786931 23838009 1 23805408 T C -1
0 0 2134 22 23786931 23838009 1 23805854 C A -1
0 0 2134 22 23786931 23838009 1 23816210 C T -1
0 0 2134 22 23786931 23838009 1 23817089 A G -1
0 0 2134 22 23786931 23838009 1 23817343 A C -1
0 0 2134 22 23786931 23838009 1 23822536 A G -1
0 0 2134 22 23786931 23838009 1 23823467 A C -1
0 0 21571 14 105620506 105626066 -1 105751172 G A 1
0 0 2170 22 19175581 19178739 -1 19195959 A G -1
0 0 2185 22 26491225 26512505 -1 26461649 G C -1
0 0 21962 2 61141592 61144969 -1 61144623 A G -1
0 0 21962 2 61141592 61144969 -1 61145372 A G -1
0 0 21962 2 61141592 61144969 -1 61150531 T A -1
0 0 21962 2 61141592 61144969 -1 61188357 A G -1
0 0 2200 22 41938737 41947152 -1 41825842 C T 1
0 0 2206 22 42126499 42130865 -1 42128694 T C 1
0 0 22093 7 144186083 144195879 -1 144128002 A C -1
0 0 2211 22 38656636 38673854 1 38650322 T C -1
0 0 2211 22 38656636 38673854 1 38656150 G A -1
0 0 2211 22 38656636 38673854 1 38657044 T C -1
0 0 2211 22 38656636 38673854 1 38657377 A G -1
0 0 2211 22 38656636 38673854 1 38668676 C T -1
0 0 2211 22 38656636 38673854 1 38675653 A G -1
0 0 2211 22 38656636 38673854 1 38734838 C G -1
0 0 2211 22 38656636 38673854 1 38734959 C T -1
0 0 22532 20 35626031 35664956 -1 35665734 C G -1
0 0 22532 20 35626031 35664956 -1 35733404 T C -1
0 0 22532 20 35626031 35664956 -1 35779810 T C 1
0 0 22539 7 141708353 141731271 1 141737464 G C 1
0 0 2256 22 39349925 39385575 1 39428702 T G -1
0 0 22566 2 108507515 108534196 -1 108533708 C T -1
0 0 22594 7 101239458 101252316 -1 101252612 C T -1
0 0 22618 7 77657659 77696290 -1 77697093 T C -1
0 0 22658 17 46193566 46197842 1 46107038 G A 1
0 0 22658 17 46193566 46197842 1 46399911 C T 1
0 0 22835 6 29726601 29749049 -1 29953287 C A -1
0 0 22881 12 6439001 6451607 -1 6462882 A G 1
0 0 22881 12 6439001 6451607 -1 6493256 C T -1
0 0 22881 12 6439001 6451607 -1 6493267 G A -1
0 0 22881 12 6439001 6451607 -1 6493326 A C -1
0 0 22881 12 6439001 6451607 -1 6493347 T C -1
0 0 22881 12 6439001 6451607 -1 6493479 T C -1
0 0 22881 12 6439001 6451607 -1 6493530 T A -1
0 0 22881 12 6439001 6451607 -1 6493566 C G -1
0 0 22881 12 6439001 6451607 -1 6494247 A G -1
0 0 2292 22 41447830 41529273 1 41381237 A G 1
0 0 2292 22 41447830 41529273 1 41381554 A G 1
0 0 2292 22 41447830 41529273 1 41445030 G A -1
0 0 2292 22 41447830 41529273 1 41446199 T A -1
0 0 2292 22 41447830 41529273 1 41458442 C T -1
0 0 2292 22 41447830 41529273 1 41523326 A G 1
0 0 2292 22 41447830 41529273 1 41544520 A G 1
0 0 2292 22 41447830 41529273 1 41557735 A C 1
0 0 2292 22 41447830 41529273 1 41558247 A G 1
0 0 22955 15 34525095 34588503 -1 34435717 C T 1
0 0 22955 15 34525095 34588503 -1 34436401 C A 1
0 0 22955 15 34525095 34588503 -1 34436493 G A 1
0 0 22955 15 34525095 34588503 -1 34436502 T C 1
0 0 22955 15 34525095 34588503 -1 34436646 A C 1
0 0 22955 15 34525095 34588503 -1 34436711 T G 1
0 0 22955 15 34525095 34588503 -1 34437261 G C 1
0 0 22955 15 34525095 34588503 -1 34569226 G A 1
0 0 22955 15 34525095 34588503 -1 34569262 G A 1
0 0 22955 15 34525095 34588503 -1 34569708 G A 1
0 0 2306 14 24439766 24442905 -1 24429545 G A -1
0 0 23561 2 24076526 24169640 1 24069483 A T -1
0 0 23561 2 24076526 24169640 1 24105095 G A -1
0 0 23561 2 24076526 24169640 1 24122692 C G -1
0 0 2369 14 70907405 71115382 1 70817398 A G -1
0 0 2369 14 70907405 71115382 1 70981015 T C -1
0 0 23937 17 3276177 3386317 -1 3378638 C T -1
0 0 2409 20 34928432 34956027 -1 34749948 T C -1
0 0 2414 20 25294742 25390835 -1 25291854 G C 1
0 0 2414 20 25294742 25390835 -1 25291997 T C 1
0 0 2414 20 25294742 25390835 -1 25295207 C T 1
0 0 2414 20 25294742 25390835 -1 25295254 C A 1
0 0 2414 20 25294742 25390835 -1 25295661 G A 1
0 0 2414 20 25294742 25390835 -1 25300697 G A 1
0 0 2414 20 25294742 25390835 -1 25300762 C T 1
0 0 2414 20 25294742 25390835 -1 25301797 A G 1
0 0 2414 20 25294742 25390835 -1 25310746 C T 1
0 0 2414 20 25294742 25390835 -1 25311212 A G -1
0 0 2414 20 25294742 25390835 -1 25317273 G A -1
0 0 2414 20 25294742 25390835 -1 25324566 C T -1
0 0 2414 20 25294742 25390835 -1 25384704 T C -1
0 0 2414 20 25294742 25390835 -1 25407434 G A -1
0 0 2414 20 25294742 25390835 -1 25407497 C T -1
0 0 2414 20 25294742 25390835 -1 25476386 T C 1
0 0 2424 20 44337043 44351238 1 44350804 G A 1
0 0 24571 6 32659880 32660729 1 32535380 C T 1
0 0 24571 6 32659880 32660729 1 32535616 C T 1
0 0 24571 6 32659880 32660729 1 32558595 T C 1
0 0 24571 6 32659880 32660729 1 32609640 T G 1
0 0 24571 6 32659880 32660729 1 32609862 T G 1
0 0 24571 6 32659880 32660729 1 32609863 C G 1
0 0 24571 6 32659880 32660729 1 32609918 A C 1
0 0 24571 6 32659880 32660729 1 32610069 T C 1
0 0 24571 6 32659880 32660729 1 32668360 A G -1
0 0 24719 2 740885 749423 1 733809 T C 1
0 0 24719 2 740885 749423 1 741003 T C 1
0 0 24789 6 33075990 33089696 1 33082502 A G -1
0 0 24789 6 33075990 33089696 1 33082592 C G -1
0 0 24789 6 33075990 33089696 1 33082664 G A -1
0 0 24789 6 33075990 33089696 1 33082665 C A -1
0 0 24789 6 33075990 33089696 1 33082696 A G -1
0 0 24789 6 33075990 33089696 1 33082722 A G -1
0 0 24789 6 33075990 33089696 1 33082748 T C -1
0 0 24789 6 33075990 33089696 1 33082749 C T -1
0 0 24789 6 33075990 33089696 1 33082877 G A -1
0 0 24789 6 33075990 33089696 1 33082894 A C -1
0 0 2502 20 37101226 37179588 -1 37209969 T A 1
0 0 25069 9 129282426 129313220 1 129282659 C T 1
0 0 2511 20 37983007 38033461 -1 38085192 C T 1
0 0 2531 20 34546854 34560345 1 34693758 A G -1
0 0 2531 20 34546854 34560345 1 34693847 A G -1
0 0 2551 18 12991362 13125052 1 12991394 T C -1
0 0 2551 18 12991362 13125052 1 13113198 C T -1
0 0 2559 18 54269517 54321266 1 54257913 C T 1
0 0 26125 6 32254640 32407763 1 31910656 G A -1
0 0 26125 6 32254640 32407763 1 32393789 A G -1
0 0 26125 6 32254640 32407763 1 32393806 T A -1
0 0 26125 6 32254640 32407763 1 32393972 G C -1
0 0 26597 9 112748902 112750565 -1 112817482 C T 1
0 0 26649 19 37251867 37265547 1 37317901 G A 1
0 0 26687 2 185719874 185740479 -1 185451404 A T 1
0 0 26687 2 185719874 185740479 -1 185451413 A G 1
0 0 267 12 6873569 6914241 1 6883871 A C 1
0 0 267 12 6873569 6914241 1 6904912 C G 1
0 0 267 12 6873569 6914241 1 6914136 A C 1
0 0 267 12 6873569 6914241 1 6914702 T C 1
0 0 26743 7 66654513 66685692 1 66557902 G C 1
0 0 26743 7 66654513 66685692 1 66664856 G A 1
0 0 26743 7 66654513 66685692 1 66682191 C T 1
0 0 26743 7 66654513 66685692 1 66749023 G A -1
0 0 270 1 41027202 41242306 -1 41003994 A C -1
0 0 27688 22 38667585 38681860 -1 38620177 T C -1
0 0 27688 22 38667585 38681860 -1 38674730 A G -1
0 0 27688 22 38667585 38681860 -1 38705628 T C -1
0 0 27991 10 77782866 77793176 1 77794435 G A -1
0 0 27991 10 77782866 77793176 1 77872969 A G -1
0 0 28007 7 141704003 141738346 -1 141737464 G C 1
0 0 28007 7 141704003 141738346 -1 141760290 A G 1
0 0 28007 7 141704003 141738346 -1 141760419 A G 1
0 0 28180 7 1160374 1165607 1 1160154 G C -1
0 0 28180 7 1160374 1165607 1 1161005 T C -1
0 0 28259 3 195655565 195657927 -1 195730018 G A -1
0 0 28487 20 3887289 3889173 -1 4014629 A G 1
0 0 2850 15 80152490 80186946 1 80201914 G A 1
0 0 29228 2 97416165 97433527 -1 97085146 G A -1
0 0 29228 2 97416165 97433527 -1 97095539 A G -1
0 0 29265 7 23100214 23105703 -1 23097569 C T 1
0 0 29435 10 98252023 98256575 1 98133996 G T -1
0 0 2944 8 15417215 15766649 1 15554099 C T -1
0 0 2944 8 15417215 15766649 1 15554296 A T -1
0 0 29601 2 741977 749856 1 733809 T C 1
0 0 29733 6 33064569 33080775 -1 33069076 A C -1
0 0 29733 6 33064569 33080775 -1 33069365 A G -1
0 0 29802 6 33272075 33276511 1 33288620 G A 1
0 0 29961 20 50171809 50176676 1 50165537 A C 1
0 0 29961 20 50171809 50176676 1 50171760 A T 1
0 0 29973 6 149796151 149799150 -1 149779669 G A 1
0 0 3014 19 7926718 7943667 -1 7968464 A G -1
0 0 3014 19 7926718 7943667 -1 7969012 A G -1
0 0 3014 19 7926718 7943667 -1 7987425 A G -1
0 0 3014 19 7926718 7943667 -1 8027615 C T -1
0 0 3014 19 7926718 7943667 -1 8028912 G A 1
0 0 30171 9 94332459 94363013 1 94300699 C T 1
0 0 3019 19 49976468 50025946 -1 49971820 C T -1
0 0 3019 19 49976468 50025946 -1 49972201 T A -1
0 0 3019 19 49976468 50025946 -1 49977652 A G 1
0 0 3019 19 49976468 50025946 -1 49982127 G T 1
0 0 3019 19 49976468 50025946 -1 49982221 A G 1
0 0 3019 19 49976468 50025946 -1 49987265 C T 1
0 0 3019 19 49976468 50025946 -1 49988476 G A 1
0 0 3019 19 49976468 50025946 -1 49994526 C T 1
0 0 3019 19 49976468 50025946 -1 49994628 G A 1
0 0 3019 19 49976468 50025946 -1 49994730 A T 1
0 0 3019 19 49976468 50025946 -1 49994780 T C 1
0 0 3019 19 49976468 50025946 -1 50003615 C T 1
0 0 3019 19 49976468 50025946 -1 50003939 G A 1
0 0 3019 19 49976468 50025946 -1 50004238 G C 1
0 0 3019 19 49976468 50025946 -1 50004327 T C 1
0 0 3019 19 49976468 50025946 -1 50004421 T C 1
0 0 3019 19 49976468 50025946 -1 50014592 T A -1
0 0 3019 19 49976468 50025946 -1 50014642 G T 1
0 0 3019 19 49976468 50025946 -1 50024976 T C 1
0 0 3019 19 49976468 50025946 -1 50025530 T G 1
0 0 30323 17 46558830 46562795 -1 46073114 A T 1
0 0 30323 17 46558830 46562795 -1 46088230 C T 1
0 0 30323 17 46558830 46562795 -1 46088486 A G 1
0 0 30323 17 46558830 46562795 -1 46096985 T A 1
0 0 30323 17 46558830 46562795 -1 46099971 C T 1
0 0 30323 17 46558830 46562795 -1 46108886 G A 1
0 0 30323 17 46558830 46562795 -1 46109227 T C 1
0 0 30323 17 46558830 46562795 -1 46118787 A G 1
0 0 30323 17 46558830 46562795 -1 46119081 T A 1
0 0 30323 17 46558830 46562795 -1 46119287 G A 1
0 0 30323 17 46558830 46562795 -1 46129116 C T 1
0 0 30323 17 46558830 46562795 -1 46130157 T A 1
0 0 30323 17 46558830 46562795 -1 46130852 A G 1
0 0 30323 17 46558830 46562795 -1 46137448 G A 1
0 0 30323 17 46558830 46562795 -1 46137679 T C 1
0 0 30323 17 46558830 46562795 -1 46138457 A G 1
0 0 30323 17 46558830 46562795 -1 46143424 A G 1
0 0 30323 17 46558830 46562795 -1 46143576 G A 1
0 0 30323 17 46558830 46562795 -1 46143984 G A 1
0 0 30323 17 46558830 46562795 -1 46144236 G C 1
0 0 30323 17 46558830 46562795 -1 46144701 T G 1
0 0 30323 17 46558830 46562795 -1 46145094 T G 1
0 0 30323 17 46558830 46562795 -1 46146021 T C 1
0 0 30323 17 46558830 46562795 -1 46151163 G A 1
0 0 30323 17 46558830 46562795 -1 46193443 A G 1
0 0 30323 17 46558830 46562795 -1 46194634 G A 1
0 0 30323 17 46558830 46562795 -1 46194900 A G 1
0 0 30323 17 46558830 46562795 -1 46202394 G A 1
0 0 30323 17 46558830 46562795 -1 46225515 C T 1
0 0 30323 17 46558830 46562795 -1 46266731 G C 1
0 0 30323 17 46558830 46562795 -1 46266812 T G 1
0 0 30323 17 46558830 46562795 -1 46267622 C G 1
0 0 3039 19 39433137 39435949 -1 39445862 G A 1
0 0 30534 6 32756098 32763532 -1 32666255 A G 1
0 0 30534 6 32756098 32763532 -1 32666364 T C 1
0 0 3062 19 46674275 46717127 -1 46728966 C T -1
0 0 30701 6 135055033 135060550 1 135055271 G T -1
0 0 30937 16 28456329 28472336 -1 28835828 G C 1
0 0 30937 16 28456329 28472336 -1 28846324 A G 1
0 0 30937 16 28456329 28472336 -1 28863883 A T 1
0 0 30937 16 28456329 28472336 -1 28910828 C T -1
0 0 30967 3 49357174 49358605 -1 49352409 C T -1
0 0 30967 3 49357174 49358605 -1 49358927 T C -1
0 0 30967 3 49357174 49358605 -1 49377358 C T -1
0 0 30967 3 49357174 49358605 -1 49397221 G A -1
0 0 30967 3 49357174 49358605 -1 49429773 C G -1
0 0 30967 3 49357174 49358605 -1 49436213 C T -1
0 0 30967 3 49357174 49358605 -1 49454550 G T -1
0 0 30967 3 49357174 49358605 -1 49460450 T G -1
0 0 30967 3 49357174 49358605 -1 49483830 A G -1
0 0 30967 3 49357174 49358605 -1 49493278 A G -1
0 0 30967 3 49357174 49358605 -1 49501499 T C -1
0 0 30967 3 49357174 49358605 -1 49533449 T C -1
0 0 30967 3 49357174 49358605 -1 49629531 C A -1
0 0 31417 7 95471835 95473998 1 95397096 G A 1
0 0 31417 7 95471835 95473998 1 95397441 T C 1
0 0 31417 7 95471835 95473998 1 95404529 C T 1
0 0 318 6 53267398 53349179 -1 53288047 T G 1
0 0 31946 6 31353872 31367067 -1 31308870 C T 1
0 0 32002 7 117998858 118004045 -1 118214204 T G 1
0 0 32002 7 117998858 118004045 -1 118214450 T C 1
0 0 32002 7 117998858 118004045 -1 118218055 C T 1
0 0 32002 7 117998858 118004045 -1 118218058 A G 1
0 0 32002 7 117998858 118004045 -1 118218678 A G 1
0 0 32373 6 155253139 155256724 -1 155272895 A G -1
0 0 32373 6 155253139 155256724 -1 155273503 C T -1
0 0 32373 6 155253139 155256724 -1 155273641 A T -1
0 0 32551 13 52482804 52489216 -1 52600328 C A -1
0 0 32643 6 168716606 168723495 1 168712016 C T 1
0 0 33122 7 65840055 65842396 1 65732724 A G 1
0 0 3324 7 43608456 43729717 -1 43647697 C T 1
0 0 33455 22 42090931 42137742 1 42079564 A G -1
0 0 33629 7 66493607 66495758 1 66093491 C A -1
0 0 33629 7 66493607 66495758 1 66205775 T C -1
0 0 33629 7 66493607 66495758 1 66268126 T C -1
0 0 33629 7 66493607 66495758 1 66413674 A G 1
0 0 33629 7 66493607 66495758 1 66474502 T C 1
0 0 33629 7 66493607 66495758 1 66492582 G A 1
0 0 33629 7 66493607 66495758 1 66503250 G A 1
0 0 33629 7 66493607 66495758 1 66503692 T C 1
0 0 33629 7 66493607 66495758 1 66504118 T C 1
0 0 33629 7 66493607 66495758 1 66523623 T C 1
0 0 33629 7 66493607 66495758 1 66557934 T C -1
0 0 33629 7 66493607 66495758 1 66617736 T C -1
0 0 33629 7 66493607 66495758 1 66654433 A G -1
0 0 338 12 31073860 31104799 1 31073374 G A -1
0 0 338 12 31073860 31104799 1 31073901 T A -1
0 0 34148 17 46511508 46556910 1 46025323 G C 1
0 0 34148 17 46511508 46556910 1 46031540 A G 1
0 0 34148 17 46511508 46556910 1 46038520 C T 1
0 0 34148 17 46511508 46556910 1 46057025 G T 1
0 0 34148 17 46511508 46556910 1 46088228 C A 1
0 0 34148 17 46511508 46556910 1 46096446 G A 1
0 0 34148 17 46511508 46556910 1 46100971 T C 1
0 0 34148 17 46511508 46556910 1 46106037 A G 1
0 0 34148 17 46511508 46556910 1 46109227 T C 1
0 0 34148 17 46511508 46556910 1 46115731 C A 1
0 0 34148 17 46511508 46556910 1 46118129 G A 1
0 0 34148 17 46511508 46556910 1 46118649 C G 1
0 0 34148 17 46511508 46556910 1 46118759 T C 1
0 0 34148 17 46511508 46556910 1 46128134 A G 1
0 0 34148 17 46511508 46556910 1 46128713 C T 1
0 0 34148 17 46511508 46556910 1 46147320 A T 1
0 0 34148 17 46511508 46556910 1 46183050 T C 1
0 0 34148 17 46511508 46556910 1 46212681 G A 1
0 0 34148 17 46511508 46556910 1 46277796 A G 1
0 0 34148 17 46511508 46556910 1 46279931 G T 1
0 0 34148 17 46511508 46556910 1 46280411 C T 1
0 0 3416 10 44959407 44995891 1 45292585 C T -1
0 0 3416 10 44959407 44995891 1 45292770 C G -1
0 0 3428 10 121709393 121928801 -1 121887426 C T -1
0 0 3428 10 121709393 121928801 -1 121900715 C G -1
0 0 34284 1 40493157 40508661 -1 40559143 C T 1
0 0 343 4 1712858 1745171 1 1684252 T G -1
0 0 343 4 1712858 1745171 1 1684828 G A -1
0 0 343 4 1712858 1745171 1 1721538 A G -1
0 0 3439 10 86756596 86932825 1 86815741 A G -1
0 0 3542 17 5359668 5420164 -1 5381424 T C -1
0 0 3542 17 5359668 5420164 -1 5413360 G A -1
0 0 3542 17 5359668 5420164 -1 5413445 C T -1
0 0 3551 17 63819433 63830012 -1 63699119 T C 1
0 0 3551 17 63819433 63830012 -1 63741862 C A 1
0 0 3551 17 63819433 63830012 -1 63760700 G A 1
0 0 3551 17 63819433 63830012 -1 63774391 T G 1
0 0 3551 17 63819433 63830012 -1 63786372 C T 1
0 0 3551 17 63819433 63830012 -1 63838987 A G 1
0 0 3551 17 63819433 63830012 -1 63857084 C T 1
0 0 3551 17 63819433 63830012 -1 63857423 T C 1
0 0 35655 22 20707691 20859417 -1 20750967 T C 1
0 0 35655 22 20707691 20859417 -1 20875276 C T 1
0 0 3639 4 51843000 51916837 1 51906263 G A 1
0 0 3653 4 85990007 86594625 -1 86339366 T C 1
0 0 3665 4 6269849 6303265 1 6291182 C T 1
0 0 36886 11 83072052 83107789 1 83080171 A G -1
0 0 36886 11 83072052 83107789 1 83087184 C T -1
0 0 36890 4 99088805 99301356 1 98995190 A G 1
0 0 36951 11 70372246 70398488 -1 70303620 G A -1
0 0 37233 4 158170752 158202877 1 157996432 A C -1
0 0 37233 4 158170752 158202877 1 157996519 A G -1
0 0 37233 4 158170752 158202877 1 157996845 C A -1
0 0 37233 4 158170752 158202877 1 158009412 G T -1
0 0 37233 4 158170752 158202877 1 158016109 T C -1
0 0 37233 4 158170752 158202877 1 158044332 C G -1
0 0 37964 4 760202 781866 -1 723824 C T 1
0 0 38016 4 39133913 39135608 1 39118030 T C 1
0 0 38016 4 39133913 39135608 1 39118353 C T 1
0 0 3811 12 120503279 120534434 -1 120550435 A G 1
0 0 38226 3 126083659 126095349 1 126004834 C G -1
0 0 3860 12 4615508 4649051 -1 4648730 T C 1
0 0 38621 4 158199105 158228668 -1 157996845 C A -1
0 0 38621 4 158199105 158228668 -1 158169989 T C -1
0 0 38957 8 89545424 89757812 -1 89729506 T A -1
0 0 38957 8 89545424 89757812 -1 89758754 C T -1
0 0 3900 12 68686951 68745809 1 68686948 T G -1
0 0 3905 12 6491886 6493841 -1 6493302 G A 1
0 0 3913 12 6839954 6847393 1 6868111 T C -1
0 0 3913 12 6839954 6847393 1 6883871 A C -1
0 0 39158 16 28802743 28817828 1 28835545 G A -1
0 0 39158 16 28802743 28817828 1 28903896 G A 1
0 0 3946 12 120461672 120495946 -1 120454433 C A 1
0 0 3946 12 120461672 120495946 -1 120538568 T C 1
0 0 3961 6 87322583 87399749 1 87174289 A G 1
0 0 3961 6 87322583 87399749 1 87203758 G A 1
0 0 3961 6 87322583 87399749 1 87323116 T G -1
0 0 4047 6 136822564 136913934 1 136728695 A T 1
0 0 4047 6 136822564 136913934 1 136729758 T C 1
0 0 4047 6 136822564 136913934 1 136754845 G A 1
0 0 4047 6 136822564 136913934 1 136813375 G A -1
0 0 4047 6 136822564 136913934 1 136823500 A G -1
0 0 406 19 32830509 32869767 -1 32935631 C T -1
0 0 40810 8 143280152 143281705 -1 143260963 T C -1
0 0 40810 8 143280152 143281705 -1 143309558 A G -1
0 0 40810 8 143280152 143281705 -1 143309760 G A -1
0 0 40810 8 143280152 143281705 -1 143320848 A G -1
0 0 40982 5 151753992 151767247 1 151825097 C T -1
0 0 41376 11 14262846 14273691 -1 14026933 C T -1
0 0 41376 11 14262846 14273691 -1 14027137 G A 1
0 0 41411 11 77829654 77872262 -1 77589598 C A -1
0 0 41411 11 77829654 77872262 -1 77590296 G A -1
0 0 41411 11 77829654 77872262 -1 77605676 C A -1
0 0 41411 11 77829654 77872262 -1 77620249 G A -1
0 0 41411 11 77829654 77872262 -1 77620620 A G -1
0 0 41411 11 77829654 77872262 -1 77670427 G A -1
0 0 41411 11 77829654 77872262 -1 77752946 T C -1
0 0 42162 11 66244717 66257595 -1 66068460 G T 1
0 0 42162 11 66244717 66257595 -1 66107678 C A 1
0 0 42162 11 66244717 66257595 -1 66126953 G C 1
0 0 42162 11 66244717 66257595 -1 66288986 G A 1
0 0 42542 19 40843541 40850447 -1 40880589 A C 1
0 0 42599 12 123363868 123366113 1 123258889 T A -1
0 0 42599 12 123363868 123366113 1 123279026 T C -1
0 0 42599 12 123363868 123366113 1 123344573 A G 1
0 0 42599 12 123363868 123366113 1 123364553 A G 1
0 0 42599 12 123363868 123366113 1 123365374 T C 1
0 0 42626 6 130827406 130837135 1 130912129 C G -1
0 0 42668 11 119084866 119093834 1 119067724 G A 1
0 0 42668 11 119084866 119093834 1 119068246 G A 1
0 0 4289 3 126006357 126101561 -1 125959985 T C -1
0 0 43045 12 120446444 120463749 1 120571155 G A 1
0 0 4318 3 154121003 154257827 1 154253007 A G 1
0 0 4318 3 154121003 154257827 1 154324761 T C 1
0 0 43184 12 75483454 75489820 -1 75437972 G A -1
0 0 43184 12 75483454 75489820 -1 75438003 A G -1
0 0 43184 12 75483454 75489820 -1 75479863 C T -1
0 0 43184 12 75483454 75489820 -1 75481796 C T -1
0 0 4319 3 183635610 183684519 1 183665526 A G -1
0 0 4319 3 183635610 183684519 1 183667617 C G -1
0 0 434 6 35297818 35321771 1 35192862 T C -1
0 0 434 6 35297818 35321771 1 35214189 C T 1
0 0 434 6 35297818 35321771 1 35260466 A G 1
0 0 434 6 35297818 35321771 1 35275480 C T 1
0 0 43496 12 91327045 91368607 1 91294647 T C 1
0 0 43496 12 91327045 91368607 1 91294648 C T 1
0 0 43496 12 91327045 91368607 1 91309280 C G 1
0 0 43860 14 41583657 41604988 -1 41607231 C T 1
0 0 4408 2 189441446 189475552 1 189180491 T A -1
0 0 4408 2 189441446 189475552 1 189248262 G A -1
0 0 4408 2 189441446 189475552 1 189285866 A C -1
0 0 4408 2 189441446 189475552 1 189287438 G A -1
0 0 4408 2 189441446 189475552 1 189350626 A C -1
0 0 4408 2 189441446 189475552 1 189466355 A G -1
0 0 4408 2 189441446 189475552 1 189467140 G A -1
0 0 4418 2 98608579 98618515 1 98444410 A T 1
0 0 4418 2 98608579 98618515 1 98472161 C T 1
0 0 4418 2 98608579 98618515 1 98472170 T G 1
0 0 4418 2 98608579 98618515 1 98472410 G C 1
0 0 4418 2 98608579 98618515 1 98491214 A G 1
0 0 4418 2 98608579 98618515 1 98515752 G C 1
0 0 4418 2 98608579 98618515 1 98515952 A G 1
0 0 4418 2 98608579 98618515 1 98592851 G A 1
0 0 44385 15 59688517 59689418 1 59689391 G A -1
0 0 44423 15 58065225 58071043 1 58021941 C T -1
0 0 44633 15 40488041 40558019 1 40593822 C G 1
0 0 44743 15 67290636 67521844 -1 67520824 A G -1
0 0 4484 2 135905881 135986100 -1 135985573 G C -1
0 0 44911 15 24101827 24823365 1 24326913 A G -1
0 0 44918 2 186354570 186356773 -1 186310084 C A -1
0 0 4494 2 42333546 42425088 -1 42185170 A G 1
0 0 45180 15 75368057 75370262 1 75336500 C G -1
0 0 4521 2 73385758 73625166 1 73487429 A G -1
0 0 4521 2 73385758 73625166 1 73560899 G A -1
0 0 4521 2 73385758 73625166 1 73759804 C T 1
0 0 45380 16 2660348 2682398 -1 2658353 G A -1
0 0 45380 16 2660348 2682398 -1 2658589 A T -1
0 0 45453 7 57404172 57419535 1 57440527 C T -1
0 0 45605 16 79676048 79809716 1 79564943 G A -1
0 0 45605 16 79676048 79809716 1 79793307 G A -1
0 0 45733 3 146059585 146061679 -1 146117722 T G 1
0 0 459 6 26402237 26415208 1 26402386 G C 1
0 0 459 6 26402237 26415208 1 26402534 T C 1
0 0 459 6 26402237 26415208 1 26413007 C T 1
0 0 459 6 26402237 26415208 1 26421048 C A 1
0 0 459 6 26402237 26415208 1 26421213 A G 1
0 0 459 6 26402237 26415208 1 26422291 T C 1
0 0 459 6 26402237 26415208 1 26430753 A G 1
0 0 459 6 26402237 26415208 1 26431112 A G 1
0 0 459 6 26402237 26415208 1 26440314 T G 1
0 0 45942 2 218255319 218257366 1 218259499 G A 1
0 0 45942 2 218255319 218257366 1 218322975 G A 1
0 0 45942 2 218255319 218257366 1 218323017 C T 1
0 0 46196 16 72063148 72077246 1 71648687 G A 1
0 0 46196 16 72063148 72077246 1 72074393 C G 1
0 0 464 5 177600132 177610330 1 177665633 C T 1
0 0 46538 17 46983287 47100323 -1 46928464 G A -1
0 0 4685 1 150321479 150353233 1 150383149 A G -1
0 0 4698 1 45550543 45570049 1 45499635 G A -1
0 0 4698 1 45550543 45570049 1 45647600 T C 1
0 0 4706 1 46340789 46365152 1 46341744 T G 1
0 0 4706 1 46340789 46365152 1 46348295 C T 1
0 0 4706 1 46340789 46365152 1 46369796 A G 1
0 0 4706 1 46340789 46365152 1 46370105 T C 1
0 0 4754 15 76931738 76954393 1 76905240 C G 1
0 0 4790 11 74949261 74979033 1 74949459 A C -1
0 0 48039 17 20855946 20857317 1 20896827 C T 1
0 0 48068 18 6728821 6729862 -1 6740453 T G -1
0 0 4810 6 134917393 134950115 -1 135055094 C T -1
0 0 4810 6 134917393 134950115 -1 135055241 T G -1
0 0 48171 17 82160056 82160452 1 82113368 T C 1
0 0 48171 17 82160056 82160452 1 82126945 C T 1
0 0 48171 17 82160056 82160452 1 82127419 C T 1
0 0 48171 17 82160056 82160452 1 82127450 G A 1
0 0 48171 17 82160056 82160452 1 82127827 G T 1
0 0 48171 17 82160056 82160452 1 82128040 C T 1
0 0 48171 17 82160056 82160452 1 82134065 G A -1
0 0 48171 17 82160056 82160452 1 82143711 A T -1
0 0 48171 17 82160056 82160452 1 82152874 C T -1
0 0 48171 17 82160056 82160452 1 82152991 G A -1
0 0 48171 17 82160056 82160452 1 82153081 C T -1
0 0 48171 17 82160056 82160452 1 82154723 G T -1
0 0 48171 17 82160056 82160452 1 82154758 G A -1
0 0 48171 17 82160056 82160452 1 82179297 C T -1
0 0 48171 17 82160056 82160452 1 82188990 G A -1
0 0 48171 17 82160056 82160452 1 82194005 G A -1
0 0 48171 17 82160056 82160452 1 82205345 T C -1
0 0 4818 4 17614641 17634105 1 17629094 A T 1
0 0 48430 19 41449520 41501255 -1 41537753 A C -1
0 0 4849 2 19910263 19990105 -1 19902117 C T -1
0 0 48506 17 45545804 45563230 1 45386127 A C 1
0 0 48506 17 45545804 45563230 1 45431250 G T 1
0 0 48506 17 45545804 45563230 1 45431950 C T 1
0 0 48506 17 45545804 45563230 1 45681424 C T 1
0 0 48506 17 45545804 45563230 1 45719721 A T 1
0 0 48506 17 45545804 45563230 1 45740466 G A 1
0 0 48506 17 45545804 45563230 1 45742084 G A 1
0 0 48506 17 45545804 45563230 1 45775767 T C 1
0 0 48506 17 45545804 45563230 1 45849389 A G 1
0 0 48506 17 45545804 45563230 1 45894776 G A 1
0 0 48506 17 45545804 45563230 1 45907881 C T 1
0 0 48506 17 45545804 45563230 1 45949112 A G 1
0 0 48506 17 45545804 45563230 1 45949724 C T 1
0 0 48506 17 45545804 45563230 1 45983912 C T 1
0 0 48506 17 45545804 45563230 1 46003042 G C 1
0 0 49023 19 8008729 8016025 1 8033610 A T -1
0 0 4916 14 74019349 74082863 1 74084546 T C 1
0 0 494 13 20567138 20691444 1 20668201 G A 1
0 0 4940 14 75002921 75012366 1 75013934 T C -1
0 0 4940 14 75002921 75012366 1 75022929 C T -1
0 0 4940 14 75002921 75012366 1 75077767 T A 1
0 0 4940 14 75002921 75012366 1 75079853 C T 1
0 0 4940 14 75002921 75012366 1 75079880 C T 1
0 0 4940 14 75002921 75012366 1 75088933 A T 1
0 0 4940 14 75002921 75012366 1 75089722 C T 1
0 0 4940 14 75002921 75012366 1 75159554 T C -1
0 0 4940 14 75002921 75012366 1 75163269 C T -1
0 0 49437 6 28015122 28137313 -1 28137418 C T 1
0 0 4951 2 24049701 24063681 1 24104067 C T 1
0 0 4951 2 24049701 24063681 1 24122692 C G 1
0 0 4979 10 94545329 94613905 1 94545572 T C 1
0 0 4981 10 95659823 95694143 -1 95693946 A C 1
0 0 4981 10 95659823 95694143 -1 95809696 G A 1
0 0 4981 10 95659823 95694143 -1 95814774 C T 1
0 0 4981 10 95659823 95694143 -1 95821921 G A 1
0 0 4981 10 95659823 95694143 -1 95849850 A G 1
0 0 4984 10 120851305 120909524 1 120917744 T A -1
0 0 4994 17 46029916 46225389 -1 45870122 A G 1
0 0 4994 17 46029916 46225389 -1 45894091 G C 1
0 0 4994 17 46029916 46225389 -1 46031882 G A 1
0 0 4994 17 46029916 46225389 -1 46038946 T C 1
0 0 4994 17 46029916 46225389 -1 46088228 C A 1
0 0 4994 17 46029916 46225389 -1 46092011 G C 1
0 0 4994 17 46029916 46225389 -1 46101473 T C 1
0 0 4994 17 46029916 46225389 -1 46106037 A G 1
0 0 4994 17 46029916 46225389 -1 46118649 C G 1
0 0 4994 17 46029916 46225389 -1 46129280 C G 1
0 0 4994 17 46029916 46225389 -1 46151163 G A 1
0 0 4994 17 46029916 46225389 -1 46151243 C G 1
0 0 4994 17 46029916 46225389 -1 46156410 T C 1
0 0 4994 17 46029916 46225389 -1 46157160 C T 1
0 0 4994 17 46029916 46225389 -1 46173250 G A 1
0 0 4994 17 46029916 46225389 -1 46183050 T C 1
0 0 4994 17 46029916 46225389 -1 46215654 G A 1
0 0 5024 5 140664868 140674124 1 140596087 G A -1
0 0 5024 5 140664868 140674124 1 140596302 G A -1
0 0 5024 5 140664868 140674124 1 140631730 C A -1
0 0 50247 15 67541072 67542604 -1 67521033 C T 1
0 0 50481 10 35314552 35336401 -1 35493809 C G 1
0 0 50481 10 35314552 35336401 -1 35568613 C G 1
0 0 5051 10 27154824 27187953 1 27155400 T C 1
0 0 5051 10 27154824 27187953 1 27240987 G A 1
0 0 50526 1 28247144 28247568 1 28247532 T A -1
0 0 5063 13 36346431 36369601 1 36417663 C A -1
0 0 50672 3 33793644 33798539 -1 33798622 T C 1
0 0 50798 2 61151433 61162105 -1 61144623 A G 1
0 0 50979 6 31394289 31395495 -1 31366616 A T -1
0 0 50979 6 31394289 31395495 -1 31367044 A T -1
0 0 50979 6 31394289 31395495 -1 31377401 G C -1
0 0 50979 6 31394289 31395495 -1 31378416 G A -1
0 0 50979 6 31394289 31395495 -1 31378582 G A -1
0 0 50979 6 31394289 31395495 -1 31378713 G A -1
0 0 50979 6 31394289 31395495 -1 31384589 C A -1
0 0 50979 6 31394289 31395495 -1 31400105 A G -1
0 0 50979 6 31394289 31395495 -1 31400811 G A -1
0 0 50979 6 31394289 31395495 -1 31441365 G C -1
0 0 50992 6 4018713 4019202 1 4021045 T C -1
0 0 51036 2 739588 740164 -1 733809 T C 1
0 0 51127 6 31195200 31198037 -1 31203709 T C 1
0 0 5127 17 58556678 58692055 -1 58631725 C T 1
0 0 5127 17 58556678 58692055 -1 58631845 T G 1
0 0 5127 17 58556678 58692055 -1 58786557 C T 1
0 0 5127 17 58556678 58692055 -1 58786881 C A 1
0 0 51481 7 66902857 66906297 1 66557269 T A -1
0 0 51481 7 66902857 66906297 1 66591724 C G -1
0 0 51481 7 66902857 66906297 1 66756505 T C -1
0 0 51481 7 66902857 66906297 1 66816053 A G -1
0 0 51481 7 66902857 66906297 1 66902564 A G -1
0 0 51481 7 66902857 66906297 1 66932976 A T -1
0 0 51481 7 66902857 66906297 1 66963989 C T -1
0 0 51488 20 63708864 63739103 1 63699131 G A -1
0 0 5161 3 123201927 123274136 1 123202468 T C -1
0 0 5234 1 160288594 160343566 -1 160262886 G A 1
0 0 52773 12 118428281 118428870 1 118147893 G T -1
0 0 52773 12 118428281 118428870 1 118372134 T C -1
0 0 52773 12 118428281 118428870 1 118377033 C T -1
0 0 5278 7 33014130 33062796 -1 33009633 C G -1
0 0 5278 7 33014130 33062796 -1 33010261 A G -1
0 0 5278 7 33014130 33062796 -1 33039402 G C -1
0 0 5278 7 33014130 33062796 -1 33041406 T C -1
0 0 5278 7 33014130 33062796 -1 33062175 G A -1
0 0 5278 7 33014130 33062796 -1 33063100 G C -1
0 0 52903 17 37489891 37513501 1 37490169 T C -1
0 0 53015 17 30803654 30804077 1 30578236 C T 1
0 0 53015 17 30803654 30804077 1 30831497 A G -1
0 0 53442 7 72558744 72828200 -1 72744727 T C -1
0 0 5346 13 51930436 52012125 -1 52159071 C G -1
0 0 54048 11 118791202 118793137 1 118704710 G A -1
0 0 54048 11 118791202 118793137 1 118704770 A G -1
0 0 54048 11 118791202 118793137 1 118704984 T C -1
0 0 54048 11 118791202 118793137 1 118791319 C T -1
0 0 54048 11 118791202 118793137 1 118791494 G C -1
0 0 54048 11 118791202 118793137 1 118791631 A T -1
0 0 54194 15 82339993 82349475 -1 82183236 T A -1
0 0 54194 15 82339993 82349475 -1 82183924 C T -1
0 0 54194 15 82339993 82349475 -1 82183996 G A -1
0 0 54194 15 82339993 82349475 -1 82262331 C T -1
0 0 54194 15 82339993 82349475 -1 82300528 A G 1
0 0 54266 1 147258885 147517875 -1 147273712 G T 1
0 0 54266 1 147258885 147517875 -1 147292596 C G 1
0 0 5443 20 45747944 45791932 -1 45735975 A G 1
0 0 5455 20 58389229 58451101 1 58406419 C T 1
0 0 5546 6 27374615 27403908 1 27388414 G C 1
0 0 5546 6 27374615 27403908 1 27389146 T G 1
0 0 55690 19 27802838 27803472 1 27805597 A G 1
0 0 55690 19 27802838 27803472 1 27805723 A G 1
0 0 55699 22 42138060 42139726 1 42138042 G A -1
0 0 55699 22 42138060 42139726 1 42138117 T G -1
0 0 55699 22 42138060 42139726 1 42138267 G C -1
0 0 5604 16 58707131 58734342 -1 58748909 A G 1
0 0 5609 13 100603625 100675093 -1 100627288 C T 1
0 0 5609 13 100603625 100675093 -1 100675091 G T 1
0 0 5630 4 2963571 3040760 1 2867400 T C -1
0 0 5630 4 2963571 3040760 1 2869018 G C -1
0 0 5664 2 113215997 113278921 -1 113235808 C G -1
0 0 567 17 3636459 3663103 1 3658906 T C -1
0 0 567 17 3636459 3663103 1 3658908 T C -1
0 0 5694 19 45815410 45863194 -1 45779632 A T -1
0 0 57085 1 150045660 150067722 -1 150050850 G A -1
0 0 57085 1 150045660 150067722 -1 150187444 G C -1
0 0 57085 1 150045660 150067722 -1 150322476 A G -1
0 0 571 2 98444854 98594392 1 98537766 C T 1
0 0 57212 1 150173049 150181429 1 150158788 G T 1
0 0 575 3 194640791 194672463 -1 194661383 A G 1
0 0 575 3 194640791 194672463 -1 194661997 A C 1
0 0 575 3 194640791 194672463 -1 194662093 G A 1
0 0 57727 20 44864435 44885604 -1 44868544 G A 1
0 0 57737 15 24558060 24912924 1 24565255 A G 1
0 0 57737 15 24558060 24912924 1 24565407 A C 1
0 0 5782 14 103697609 103715504 -1 103594050 A C 1
0 0 5782 14 103697609 103715504 -1 103730270 G A 1
0 0 5782 14 103697609 103715504 -1 103806974 C T 1
0 0 5782 14 103697609 103715504 -1 103806988 T C 1
0 0 57996 5 1345197 1350786 1 1336063 A T -1
0 0 58292 3 15970003 15971253 1 15965119 A T 1
0 0 583 14 88384924 88470350 1 88468512 G A -1
0 0 58358 6 166342626 166351466 1 166515586 G A 1
0 0 5897 7 141776674 141781691 1 141760419 A G 1
0 0 5900 7 150323263 150338156 1 150323292 G A 1
0 0 5902 4 986997 1004564 1 533059 A G -1
0 0 5902 4 986997 1004564 1 533387 G C -1
0 0 5902 4 986997 1004564 1 533544 T C -1
0 0 5902 4 986997 1004564 1 535642 A G -1
0 0 5902 4 986997 1004564 1 535758 T C -1
0 0 5902 4 986997 1004564 1 536079 T C -1
0 0 5902 4 986997 1004564 1 544736 A C -1
0 0 5908 1 19215660 19251552 -1 19066708 G T -1
0 0 5908 1 19215660 19251552 -1 19233348 T G -1
0 0 5908 1 19215660 19251552 -1 19252082 G A -1
0 0 5908 1 19215660 19251552 -1 19252378 C T -1
0 0 59346 3 39292556 39384300 -1 39396830 A T 1
0 0 59346 3 39292556 39384300 -1 39398381 T C 1
0 0 59346 3 39292556 39384300 -1 39398696 G A 1
0 0 59346 3 39292556 39384300 -1 39413367 T C 1
0 0 59346 3 39292556 39384300 -1 39413863 C T 1
0 0 59346 3 39292556 39384300 -1 39414910 C G 1
0 0 59346 3 39292556 39384300 -1 39415156 A G 1
0 0 59346 3 39292556 39384300 -1 39416437 G A 1
0 0 59346 3 39292556 39384300 -1 39417278 T C 1
0 0 59346 3 39292556 39384300 -1 39417279 G A 1
0 0 59346 3 39292556 39384300 -1 39417791 C T 1
0 0 5956 7 75996338 76048004 -1 75994575 G A 1
0 0 5956 7 75996338 76048004 -1 76000865 C T -1
0 0 5956 7 75996338 76048004 -1 76020503 G C 1
0 0 5956 7 75996338 76048004 -1 76033200 C T -1
0 0 5956 7 75996338 76048004 -1 76033808 C T 1
0 0 5956 7 75996338 76048004 -1 76069258 G C 1
0 0 5956 7 75996338 76048004 -1 76071644 A G -1
0 0 5956 7 75996338 76048004 -1 76072322 G A 1
0 0 5956 7 75996338 76048004 -1 76073897 T C 1
0 0 5956 7 75996338 76048004 -1 76150448 C T 1
0 0 59620 11 123062596 123084877 1 123174376 T C 1
0 0 59670 3 130179511 130188814 1 130123347 T G -1
0 0 59720 11 78223815 78225909 1 78213561 A C -1
0 0 59720 11 78223815 78225909 1 78219092 T C -1
0 0 59720 11 78223815 78225909 1 78229339 T C -1
0 0 59720 11 78223815 78225909 1 78269536 T C -1
0 0 59720 11 78223815 78225909 1 78277264 T C -1
0 0 59995 11 64183353 64184738 -1 64271703 G A 1
0 0 60026 21 45555648 45556595 1 45563077 A G -1
0 0 6009 22 45413693 45432509 1 45398486 A G -1
0 0 6009 22 45413693 45432509 1 45419346 A G -1
0 0 601 5 138610967 138935034 1 138844094 G A -1
0 0 60245 7 65219563 65252413 -1 65037990 C A 1
0 0 60245 7 65219563 65252413 -1 65075622 T C 1
0 0 60245 7 65219563 65252413 -1 65080632 T A 1
0 0 60245 7 65219563 65252413 -1 65080857 C T 1
0 0 60543 1 45583238 45583933 -1 45621241 C T 1
0 0 60543 1 45583238 45583933 -1 45621905 G A 1
0 0 60543 1 45583238 45583933 -1 45622207 A G 1
0 0 60543 1 45583238 45583933 -1 45749947 G A -1
0 0 60543 1 45583238 45583933 -1 45945474 G A -1
0 0 6069 15 40528683 40565054 -1 40581880 T C -1
0 0 6069 15 40528683 40565054 -1 40593559 T C 1
0 0 6069 15 40528683 40565054 -1 40594112 C T 1
0 0 6075 15 40405485 40435947 1 40367991 C T -1
0 0 6087 3 134477706 134486716 -1 134473096 C T 1
0 0 6091 7 56064002 56080670 1 56007525 T C 1
0 0 6091 7 56064002 56080670 1 56064982 G A 1
0 0 6247 2 239892450 240025743 -1 239954010 G A 1
0 0 6368 20 35701347 35742312 -1 35646698 T G -1
0 0 6368 20 35701347 35742312 -1 35664934 G A -1
0 0 6368 20 35701347 35742312 -1 35718801 A G -1
0 0 6368 20 35701347 35742312 -1 35721004 C T -1
0 0 6368 20 35701347 35742312 -1 35786499 C T 1
0 0 6374 20 34872146 34927962 1 34693758 A G -1
0 0 6374 20 34872146 34927962 1 34907707 C T 1
0 0 6374 20 34872146 34927962 1 34922859 A G 1
0 0 6440 5 140638740 140647771 -1 140700713 T C 1
0 0 6440 5 140638740 140647771 -1 140711530 A G 1
0 0 6450 16 1528688 1555580 1 1572007 A G 1
0 0 6450 16 1528688 1555580 1 1572107 G A 1
0 0 6450 16 1528688 1555580 1 1573250 G A 1
0 0 6457 1 5862811 5992473 -1 5922113 A G -1
0 0 6457 1 5862811 5992473 -1 5967815 G A -1
0 0 6595 16 68310951 68360852 1 68311788 C T -1
0 0 6655 1 15490832 15526534 -1 15493546 C T 1
0 0 6676 17 10672474 10698375 -1 10729218 C T -1
0 0 6676 17 10672474 10698375 -1 10729518 T C -1
0 0 6676 17 10672474 10698375 -1 10729658 C T -1
0 0 6689 13 36301638 36370180 -1 36275353 T A -1
0 0 6689 13 36301638 36370180 -1 36298110 G A -1
0 0 6689 13 36301638 36370180 -1 36352613 A G -1
0 0 6721 18 74495816 74523454 1 74496175 G A 1
0 0 6769 11 13276652 13387266 1 13487269 C T -1
0 0 6847 18 10525905 10552764 1 10487921 C T -1
0 0 6847 18 10525905 10552764 1 10497829 G A -1
0 0 6935 18 36777647 36829216 -1 36693477 C T -1
0 0 6959 13 110641412 110713603 -1 110662293 T C 1
0 0 6959 13 110641412 110713603 -1 110662321 G T 1
0 0 6959 13 110641412 110713603 -1 110678153 A G -1
0 0 7084 6 125747664 125761269 1 125670569 C T -1
0 0 7084 6 125747664 125761269 1 125678794 C T -1
0 0 7138 1 183023420 183145592 1 183105740 C T -1
0 0 7138 1 183023420 183145592 1 183105882 T C -1
0 0 7138 1 183023420 183145592 1 183106597 A G -1
0 0 7160 2 99400475 99490035 -1 99396050 C T 1
0 0 7160 2 99400475 99490035 -1 99431200 C T 1
0 0 7161 2 98997261 99154964 -1 99066867 G A -1
0 0 7161 2 98997261 99154964 -1 99155070 C T 1
0 0 7161 2 98997261 99154964 -1 99155127 G T 1
0 0 7166 2 108449107 108509415 1 108449402 T C 1
0 0 7166 2 108449107 108509415 1 108554383 G C 1
0 0 7166 2 108449107 108509415 1 108661943 G A -1
0 0 7167 2 105038069 105099960 1 105081547 C T -1
0 0 7349 9 97600080 97633368 -1 97711129 C T 1
0 0 7352 9 124353465 124415444 -1 124365995 A G -1
0 0 7365 9 124862130 124877733 1 124900269 C G 1
0 0 7389 9 35814451 35865518 1 35757078 A G -1
0 0 7450 11 77128246 77215241 1 76739864 G A 1
0 0 7541 1 93561741 93847150 -1 93839437 G A 1
0 0 7625 2 216412383 216483053 1 216404247 A C 1
0 0 763 3 53846568 53865794 1 53891143 G A -1
0 0 7699 4 76107562 76148485 -1 76158349 G T 1
0 0 7727 5 128257909 128659185 -1 128537047 G C 1
0 0 7727 5 128257909 128659185 -1 128537076 A G 1
0 0 7763 12 7188685 7218574 1 7189747 C G 1
0 0 7787 12 95858952 95903828 1 95802864 C T -1
0 0 7810 12 55997180 56006641 1 55983101 C T -1
0 0 7810 12 55997180 56006641 1 56080696 A G 1
0 0 7833 12 49707725 49764934 1 49674306 C T 1
0 0 7889 14 73851831 73885726 1 73851942 G C 1
0 0 7889 14 73851831 73885726 1 73852051 G T 1
0 0 7889 14 73851831 73885726 1 73852500 C T 1
0 0 7889 14 73851831 73885726 1 73852539 T C 1
0 0 7889 14 73851831 73885726 1 73909253 A C 1
0 0 7889 14 73851831 73885726 1 73943421 T C 1
0 0 7889 14 73851831 73885726 1 73943714 C T 1
0 0 7889 14 73851831 73885726 1 73943960 C T 1
0 0 7920 15 42723544 42737128 -1 42736551 T A 1
0 0 7923 15 75336020 75343224 1 75368321 C T -1
0 0 7923 15 75336020 75343224 1 75598348 G T -1
0 0 7929 15 76347904 76905444 -1 76904612 G A 1
0 0 7933 15 75346955 75357115 1 75315251 A G 1
0 0 7933 15 75346955 75357115 1 75315626 G A 1
0 0 7933 15 75346955 75357115 1 75598348 G T 1
0 0 7934 15 75355207 75368612 -1 75552756 T C 1
0 0 8015 16 84476355 84554033 -1 84486474 T C -1
0 0 8015 16 84476355 84554033 -1 84486617 A T -1
0 0 8015 16 84476355 84554033 -1 84486719 T C -1
0 0 8111 17 82752042 82945914 1 82709936 A G 1
0 0 8111 17 82752042 82945914 1 82765629 T G -1
0 0 8111 17 82752042 82945914 1 82823237 G A 1
0 0 8111 17 82752042 82945914 1 82837806 C T 1
0 0 8111 17 82752042 82945914 1 82848239 C T 1
0 0 8111 17 82752042 82945914 1 82859452 G A 1
0 0 8111 17 82752042 82945914 1 82882369 C G 1
0 0 8146 18 79970813 80033949 -1 79988525 A C -1
0 0 8169 19 36334453 36379201 -1 36246301 G A 1
0 0 8278 1 109466546 109482134 1 109466549 C T 1
0 0 8366 1 150960583 150975003 -1 150650144 T A 1
0 0 8366 1 150960583 150975003 -1 150696938 T G 1
0 0 8366 1 150960583 150975003 -1 150765724 A G 1
0 0 8366 1 150960583 150975003 -1 150919768 A G 1
0 0 8585 3 66133610 66388116 1 66382669 A G -1
0 0 8585 3 66133610 66388116 1 66382888 A G -1
0 0 8585 3 66133610 66388116 1 66383252 A G -1
0 0 8635 3 195746765 195811973 -1 195674371 G T -1
0 0 8635 3 195746765 195811973 -1 195965105 T C 1
0 0 865 16 1795620 1827157 -1 1827697 C G 1
0 0 8679 4 168863770 169010275 -1 168921891 A T 1
0 0 8742 5 151771045 151812911 1 151788476 A G -1
0 0 8742 5 151771045 151812911 1 152004446 A G 1
0 0 8787 2 241188509 241225976 1 241303024 C T 1
0 0 8787 2 241188509 241225976 1 241328202 G A 1
0 0 8787 2 241188509 241225976 1 241354886 G A 1
0 0 8787 2 241188509 241225976 1 241400234 T G 1
0 0 8787 2 241188509 241225976 1 241490830 C G 1
0 0 8791 6 42879616 42889925 1 42900637 G A 1
0 0 8795 6 78867551 78946440 1 78910251 A G 1
0 0 8824 6 159800249 159820704 1 159790007 C T 1
0 0 8824 6 159800249 159820704 1 159790183 C G 1
0 0 8832 7 2728105 2844308 -1 2777821 G T 1
0 0 8832 7 2728105 2844308 -1 2844649 T G 1
0 0 8849 7 76048051 76067508 1 76047747 C A 1
0 0 8849 7 76048051 76067508 1 76048186 C T 1
0 0 8849 7 76048051 76067508 1 76048421 G A 1
0 0 8849 7 76048051 76067508 1 76073187 C T 1
0 0 8849 7 76048051 76067508 1 76137394 G A 1
0 0 8877 23 5840637 6228867 -1 6003065 C T 1
0 0 8992 8 144827518 144847509 1 144836645 C T -1
0 0 8992 8 144827518 144847509 1 144840646 C T -1
0 0 9011 9 34634722 34637844 -1 34665277 T C -1
0 0 907 19 2100988 2164468 -1 2121317 C T -1
0 0 907 19 2100988 2164468 -1 2121549 C T -1
0 0 907 19 2100988 2164468 -1 2123517 A G -1
0 0 907 19 2100988 2164468 -1 2123929 C T -1
0 0 907 19 2100988 2164468 -1 2136681 G C -1
0 0 907 19 2100988 2164468 -1 2151516 G A -1
0 0 9109 10 132332154 132381508 1 132331649 G A -1
0 0 9109 10 132332154 132381508 1 132353557 A G -1
0 0 9109 10 132332154 132381508 1 132395067 C A -1
0 0 911 6 34792083 34877514 1 34673638 G C 1
0 0 911 6 34792083 34877514 1 34820199 A C 1
0 0 9136 11 34853094 34916379 -1 34915816 C T -1
0 0 9136 11 34853094 34916379 -1 34915939 G C -1
0 0 9136 11 34853094 34916379 -1 34916532 G C -1
0 0 9136 11 34853094 34916379 -1 34925949 A G -1
0 0 9154 11 96349241 96389956 -1 96464091 A G 1
0 0 9168 11 108157215 108222638 -1 108699767 G A 1
0 0 9169 11 108222823 108369102 1 108207130 G A 1
0 0 9169 11 108222823 108369102 1 108222481 A T 1
0 0 9238 16 30085793 30091924 -1 29927499 A G 1
0 0 9346 10 77790791 77926755 -1 77838826 T C -1
0 0 9346 10 77790791 77926755 -1 77866037 T C 1
0 0 9346 10 77790791 77926755 -1 77866189 G A 1
0 0 9346 10 77790791 77926755 -1 77874049 G A 1
0 0 9404 10 4987775 5018031 -1 4937743 G A 1
0 0 9480 11 30323104 30338223 1 30323214 A G 1
0 0 9480 11 30323104 30338223 1 30323252 A G 1
0 0 95 7 95297676 95324532 -1 95404491 A T 1
0 0 9551 13 98142562 98455176 1 98451750 T C 1
0 0 9594 5 96525267 96779595 1 96788744 G C -1
0 0 9594 5 96525267 96779595 1 96807103 G C -1
0 0 9711 1 52345723 52366205 -1 52080919 A C 1
0 0 99 7 87401696 87480435 -1 87476479 T C -1
0 0 99 7 87401696 87480435 -1 87483685 G A -1
0 0 990 15 71822291 72118577 -1 72052877 G A 1
0 0 990 15 71822291 72118577 -1 72230702 C T 1
0 0 9992 8 123416726 123470028 1 123431774 C T 1
0 0 9992 8 123416726 123470028 1 123450445 A G 1
0 0 9992 8 123416726 123470028 1 123450935 T G 1
0 0 9992 8 123416726 123470028 1 123451528 A G 1
1 0 10093 21 41885112 41954018 -1 41939711 T C -1
1 0 10363 17 1003519 1229738 -1 1179789 A G -1
1 0 10412 21 43053191 43076943 -1 43066201 G T 1
1 0 10417 21 43719094 43762307 1 43741018 G C 1
1 0 10430 21 44885953 44931989 -1 44908184 T C -1
1 0 10445 9 133414358 133459402 1 133418269 T C 1
1 0 10458 9 127885321 127905408 -1 127897953 T C 1
1 0 10460 19 55039108 55071291 -1 55063144 G A 1
1 0 10524 8 143017982 143023832 1 143024892 G A -1
1 0 10525 8 144423601 144428563 -1 144428520 G C 1
1 0 10635 16 649311 667833 1 690466 A G 1
1 0 10732 1 2184461 2212720 -1 2189679 C T -1
1 0 10763 1 91260766 91404856 -1 91404573 G A -1
1 0 108 17 50094737 50112152 1 50094414 A G 1
1 0 10801 1 111185969 111204535 -1 111195294 T C 1
1 0 10855 2 55172547 55232563 -1 55232237 T G 1
1 0 11075 3 9933793 9945413 1 9933702 C G 1
1 0 11456 9 14737152 14910995 -1 14942037 C T -1
1 0 11607 10 13221766 13234374 -1 13267330 T C 1
1 0 11613 10 75210154 75231448 1 75210855 G C -1
1 0 11627 9 136375567 136400176 -1 136362695 G C 1
1 0 11634 9 132891348 132946874 -1 132457574 C T -1
1 0 11657 10 113679162 113730907 1 113679635 C T 1
1 0 11805 18 79069285 79378287 1 79411061 T G -1
1 0 11877 16 10760919 10818794 -1 10829737 T C 1
1 0 11953 15 66293217 66333898 1 66293569 C A 1
1 0 11958 11 60699585 60715807 1 60759821 T C 1
1 0 11960 11 60756867 60776733 1 60759821 T C 1
1 0 11962 15 90954881 90963125 1 90957066 T C -1
1 0 11996 9 128340527 128361470 1 128340767 C T 1
1 0 12029 17 79074824 79088599 1 79087377 C T -1
1 0 1214 7 983181 989640 1 1019721 G A -1
1 0 12156 19 52594060 52690559 -1 52690517 A G -1
1 0 12513 5 177301198 177303744 -1 177303677 C G 1
1 0 12620 16 56625475 56627112 1 56625613 C G 1
1 0 12777 10 129467190 129770983 1 129467281 C T -1
1 0 12834 7 102479976 102517777 -1 102649565 T C 1
1 0 12979 17 80101533 80119881 1 80101663 G C -1
1 0 13131 19 15912367 15934867 -1 15934939 G A -1
1 0 13139 1 121184811 121392874 1 121184715 A G -1
1 0 13349 11 71453109 71524107 1 71488903 G A 1
1 0 13400 11 67056847 67072017 1 67056790 C T -1
1 0 13619 1 53506237 53739164 -1 53509180 C T 1
1 0 13696 3 23916591 23924374 1 23895158 C A 1
1 0 13814 18 14057457 14132490 -1 14132403 G C 1
1 0 13827 11 7970251 8001862 1 7992932 C T -1
1 0 13873 16 11249619 11381662 1 11345446 G T -1
1 0 13893 1 1373730 1375207 -1 1374801 A G 1
1 0 13979 8 42541155 42555195 1 42666439 C T 1
1 0 14001 19 58059239 58086310 1 58059544 T G 1
1 0 14092 5 179550554 179610012 1 179607367 G A 1
1 0 14360 3 46668995 46693704 -1 46696489 A G -1
1 0 14403 22 23462086 23486980 -1 23434032 G A 1
1 0 14469 8 143977153 144012772 -1 143983700 A G -1
1 0 14518 19 57803841 57814913 -1 57803905 G A 1
1 0 14607 6 32659467 32668383 -1 32668369 T C -1
1 0 14925 17 212389 386254 -1 333934 T C 1
1 0 15047 2 231508420 231514396 -1 231514081 C T -1
1 0 15171 21 46286342 46297751 1 46333581 G A -1
1 0 15199 15 90883695 90895776 1 90884462 G A -1
1 0 15284 1 2181794 2184389 -1 2189679 C T 1
1 0 15295 23 103330229 103332326 1 103330974 G C -1
1 0 15314 19 52860851 52897693 -1 52897507 C A -1
1 0 15338 13 113820549 113864076 -1 113821971 A G 1
1 0 15416 16 14922802 14952060 1 15034559 A G 1
1 0 15431 21 41361999 41409393 1 41370109 C A -1
1 0 16017 15 44728988 44767829 1 44729568 C T -1
1 0 16131 1 179082070 179098023 1 179082871 G T 1
1 0 16271 2 62500218 62511894 -1 62505644 C A -1
1 0 16466 9 136363956 136373681 -1 136363451 G A 1
1 0 16599 19 9323772 9351162 1 9324196 C T -1
1 0 16610 7 76397518 76442071 1 76430915 G A 1
1 0 16643 22 49414524 49657542 -1 49657900 T G -1
1 0 16732 17 43338741 43389226 -1 43361241 G C 1
1 0 1675 1 46188683 46220305 -1 46198577 A G 1
1 0 16760 9 93431441 93453581 -1 93451009 A G 1
1 0 16833 2 113211421 113276581 1 113411914 C G 1
1 0 16860 1 1659529 1692795 -1 1665581 C G -1
1 0 16913 10 5035354 5107686 1 4982164 A C -1
1 0 1717 19 48954815 48961798 1 48955847 A G -1
1 0 17390 16 1434383 1444556 -1 1445299 G A -1
1 0 17426 12 56041351 56044697 1 56042145 C G -1
1 0 17665 1 145866560 145885866 -1 145872788 G C 1
1 0 17745 19 7492976 7508450 1 7494700 T C -1
1 0 17810 16 55802851 55833337 -1 55832988 T C 1
1 0 19519 1 244969682 245127164 1 244970360 G C -1
1 0 19796 6 31494881 31511124 1 31494471 T G 1
1 0 19809 6 31114750 31140092 1 31123698 T C -1
1 0 19895 10 19048801 19790401 1 19488978 C T -1
1 0 19909 2 74918148 74938418 1 74958729 G T 1
1 0 19919 8 143566192 143572772 -1 143578405 C G -1
1 0 20219 4 8482270 8516759 1 8515576 C T 1
1 0 20234 16 1678256 1702280 1 1678146 A G 1
1 0 2206 22 42126499 42130865 -1 42143719 G C -1
1 0 2242 22 29505879 29555216 -1 29531715 T C -1
1 0 22523 11 842812 867116 1 843461 T C -1
1 0 22523 11 842812 867116 1 844057 C G -1
1 0 22553 17 76527586 76553578 1 76544835 A C 1
1 0 22881 12 6439001 6451607 -1 6451407 G T 1
1 0 23966 22 35648446 35668404 1 35646939 C T -1
1 0 24789 6 33075990 33089696 1 33080825 C A -1
1 0 2480 20 958452 1002311 -1 956624 T C -1
1 0 24937 22 21938269 21977632 1 21927265 T C -1
1 0 25128 6 32014795 32035418 1 31901161 C T -1
1 0 25158 13 21302862 21362139 -1 21298170 C G 1
1 0 25459 17 81239305 81241310 1 81239762 T C -1
1 0 25993 9 8858084 8864772 1 8858303 C G 1
1 0 25993 9 8858084 8864772 1 8858350 G A -1
1 0 2621 23 48890197 48903402 1 48786482 G A 1
1 0 26766 2 118132128 118222250 -1 118186225 T A 1
1 0 2774 16 16232506 16300806 1 16232314 G A -1
1 0 27828 2 97664217 97703066 1 97663552 C T 1
1 0 27960 17 46274784 46361766 -1 46044213 T C 1
1 0 28007 7 141704003 141738346 -1 141475609 G A 1
1 0 2850 15 80152490 80186946 1 80152950 G C -1
1 0 29108 6 2851230 2881407 -1 2876301 G A -1
1 0 29381 2 74940258 74942670 1 74958729 G T 1
1 0 2942 8 614746 738106 -1 650729 A G 1
1 0 2942 8 614746 738106 -1 698048 G A 1
1 0 29802 6 33272075 33276511 1 33272092 C T -1
1 0 2993 19 13104902 13117567 -1 13109889 C G -1
1 0 29940 22 46039907 46044853 -1 46044097 C T -1
1 0 3005 19 3052910 3063107 -1 3062859 T C -1
1 0 30549 15 32593456 32607310 1 32615183 A G -1
1 0 31206 1 37350934 37474432 -1 37474398 G A -1
1 0 31404 9 81689713 81776903 1 81689743 G C 1
1 0 31929 16 11927259 11976643 -1 11976565 T C -1
1 0 31946 6 31353872 31367067 -1 31358015 A G -1
1 0 32064 22 23433518 23435071 1 23434032 G A 1
1 0 32700 3 29054570 29290726 -1 29280806 A C -1
1 0 32902 2 74919555 74924846 -1 74958729 G T 1
1 0 3305 7 130393771 130442433 -1 130393789 C T 1
1 0 33650 21 46151614 46152647 1 46184081 A G -1
1 0 33785 23 990221 994365 1 990241 C A -1
1 0 3389 9 13105706 13279692 -1 13279647 T C -1
1 0 3397 9 137039463 137046179 -1 137046201 C A 1
1 0 34118 23 149511509 149526264 -1 149527012 G T -1
1 0 34148 17 46511508 46556910 1 46044213 T C 1
1 0 34148 17 46511508 46556910 1 46493816 C T 1
1 0 34186 1 16887577 16889725 -1 16904253 G A 1
1 0 3428 10 121709393 121928801 -1 121928637 A T -1
1 0 35327 3 64561322 64592757 1 64584026 C T -1
1 0 35464 23 149477104 149540926 -1 149527012 G T -1
1 0 35508 3 115658533 115661279 1 115658407 C A -1
1 0 35868 1 1401909 1407293 -1 1407232 G C 1
1 0 35923 16 401858 412487 1 445662 T C -1
1 0 36839 4 7093776 7103394 -1 7103238 C T -1
1 0 36896 11 78139756 78175323 1 78139778 C T -1
1 0 3805 12 6828407 6839847 1 6837381 C A -1
1 0 3816 12 30709552 30823302 -1 30822535 C A -1
1 0 3845 12 10604193 10613609 -1 10612901 C T -1
1 0 38545 5 6310441 6339884 -1 6365576 T C -1
1 0 38593 2 46490750 46542577 -1 46541996 T C -1
1 0 3860 12 4615508 4649051 -1 4648643 C G -1
1 0 3872 12 6375045 6391571 1 6384185 A G -1
1 0 3913 12 6839954 6847393 1 6839304 T C -1
1 0 3914 12 6844793 6851292 -1 6839304 T C -1
1 0 402 11 94415570 94493885 -1 94493786 C T 1
1 0 40509 8 53393133 53484067 -1 53483582 C T -1
1 0 40850 8 1971153 1974768 -1 1973423 G A 1
1 0 409 11 3087107 3166739 -1 3120514 C T -1
1 0 40927 8 2726956 2838823 1 2728156 C T -1
1 0 41718 8 143620586 143633756 -1 143617254 G C 1
1 0 41898 3 14272373 14303845 -1 14298681 G A 1
1 0 41922 8 143573490 143577397 1 143578405 C G -1
1 0 42715 12 27696388 27710803 -1 27710598 T C 1
1 0 43820 14 73822559 73830135 -1 73787509 G A 1
1 0 44103 14 104223584 104288069 1 104246996 T C 1
1 0 44236 14 73787355 73803300 1 73787509 G A 1
1 0 44488 15 99805793 99916818 1 99791048 G A -1
1 0 44545 15 100372936 100437914 1 100373385 A C 1
1 0 4529 1 52602371 52609051 1 52602758 G A -1
1 0 45333 8 53388701 53390872 -1 53483582 C T -1
1 0 459 6 26402237 26415208 1 26341586 G T -1
1 0 4628 1 36415827 36450451 -1 36420516 C T 1
1 0 46505 16 11348143 11349321 -1 11345446 G T -1
1 0 46842 18 5237826 5290608 1 5237824 G A 1
1 0 46895 17 38925614 38929381 1 38925828 A C 1
1 0 46931 1 148102047 148152322 -1 148161965 C G -1
1 0 47826 17 64943262 64951054 1 64966066 C T 1
1 0 48276 19 44631573 44725217 -1 44718495 T C -1
1 0 48299 19 490046 507833 -1 488476 G C -1
1 0 48396 17 76799044 76807102 1 76823146 A G 1
1 0 48430 19 41449520 41501255 -1 41480023 T A -1
1 0 48664 18 63367295 63381631 1 63366193 C G 1
1 0 4915 14 94127779 94130253 -1 94129652 T C -1
1 0 49397 19 7926001 7926810 1 7926376 G A 1
1 0 49571 1 149052186 149103561 -1 149103446 T A -1
1 0 4994 17 46029916 46225389 -1 46044213 T C 1
1 0 50292 19 35014961 35025335 -1 35041410 T C -1
1 0 50350 7 20328289 20331781 -1 20331650 C G -1
1 0 50849 5 10264597 10267146 -1 10275758 G C 1
1 0 50917 5 96803688 96806105 1 96778846 G A -1
1 0 50991 3 158801257 158801935 -1 158801657 T C -1
1 0 51007 6 3068045 3068894 -1 3068823 C T -1
1 0 51108 6 708592 711460 -1 711150 A C 1
1 0 5154 19 58083838 58118427 -1 58087417 A G 1
1 0 51543 22 50199090 50200837 -1 50200073 T C -1
1 0 51547 2 174011856 174012975 -1 174013398 G A 1
1 0 51548 14 94592058 94624646 1 94611890 G A 1
1 0 52031 1 149175748 149259987 1 149102863 G C -1
1 0 52294 17 36183235 36196471 1 36182815 G A 1
1 0 5280 7 5898725 5926550 1 5898318 T C 1
1 0 5280 7 5898725 5926550 1 5898574 G T -1
1 0 5280 7 5898725 5926550 1 5907024 C T -1
1 0 52932 17 36194869 36196758 -1 36182815 G A 1
1 0 52932 17 36194869 36196758 -1 36205862 T C 1
1 0 52932 17 36194869 36196758 -1 36464461 C T -1
1 0 53252 10 121956782 121957098 1 121928637 A T -1
1 0 5339 19 14380501 14408725 1 14381407 C A 1
1 0 5351 10 13099449 13138308 1 13108044 A C -1
1 0 5377 9 133663560 133739955 -1 133738370 C G -1
1 0 5377 9 133663560 133739955 -1 133738730 C T 1
1 0 540 19 13764522 13774282 1 13763485 G A -1
1 0 54194 15 82339993 82349475 -1 82473251 T G 1
1 0 543 4 177430774 177442437 -1 177442224 G A 1
1 0 54895 16 84917377 84924808 -1 84924778 C G -1
1 0 5561 6 43011143 43016868 -1 43013895 C A 1
1 0 55699 22 42138060 42139726 1 42127941 G A -1
1 0 5625 14 50312324 50335558 1 50344307 C T -1
1 0 5651 19 54173412 54189882 -1 54173409 C G 1
1 0 5694 19 45815410 45863194 -1 45816157 G C 1
1 0 57135 2 160257716 160271880 -1 160270221 A C -1
1 0 57300 11 3057538 3064707 1 3057655 T G 1
1 0 57981 10 63630672 63655769 1 63630874 T C -1
1 0 57989 22 49047484 49052549 -1 49052447 G A 1
1 0 58733 22 19291969 19328901 1 19292283 G C 1
1 0 58738 2 131647990 131767404 1 131682500 G C 1
1 0 58920 20 48025182 48060271 1 48052127 C T -1
1 0 5902 4 986997 1004564 1 973551 C G 1
1 0 5956 7 75996338 76048004 -1 76002595 T C 1
1 0 5974 22 50217689 50245023 -1 50219624 A G 1
1 0 59966 16 78608488 78613931 1 78608516 C G 1
1 0 6002 22 23573125 23580302 -1 23638781 T A 1
1 0 60354 13 22926566 22934994 1 22933406 A G -1
1 0 6147 14 20365667 20413501 -1 20413368 T C -1
1 0 6226 7 73302516 73308826 -1 72948863 C A 1
1 0 6236 6 106629578 106668417 1 106629627 G A -1
1 0 6307 16 634427 636366 -1 636337 G A 1
1 0 6450 16 1528688 1555580 1 1533633 T C 1
1 0 6573 17 75845699 75856507 -1 75848667 A G 1
1 0 6584 17 6755447 6775647 1 6755650 T C 1
1 0 659 17 50532682 50543750 1 50260324 G C 1
1 0 6700 13 33103137 33350630 -1 33322290 C T -1
1 0 6828 1 109733932 109741038 -1 109740350 G T 1
1 0 6832 1 109279556 109283186 -1 109282969 C T -1
1 0 6842 1 111139479 111185104 1 111139496 C T -1
1 0 6847 18 10525905 10552764 1 10261319 G A -1
1 0 6861 2 11677595 11827409 1 11784824 T C 1
1 0 6997 12 121210065 121234106 1 121210329 G T -1
1 0 7109 16 82147798 82170224 -1 82170181 C G -1
1 0 7224 7 6577434 6589374 1 6577616 C G 1
1 0 7251 17 48831018 48866522 1 48878608 A G -1
1 0 7440 6 42050513 42087461 1 42045304 C T 1
1 0 7608 10 93591687 93601744 -1 93757414 G A 1
1 0 772 10 5765223 5842132 -1 5813440 G C 1
1 0 7764 12 6693791 6700815 -1 6700730 G C 1
1 0 7866 14 24426545 24430954 -1 24430158 G C 1
1 0 7889 14 73851831 73885726 1 73852011 A G -1
1 0 7930 15 77041404 77083984 -1 77083841 C A 1
1 0 7938 15 98648539 98964530 1 98293013 C A 1
1 0 794 16 2911931 2951208 1 2936322 T C 1
1 0 794 16 2911931 2951208 1 2943819 C A -1
1 0 7970 15 94231538 94483952 1 94239663 G A 1
1 0 8015 16 84476355 84554033 -1 84504010 C T 1
1 0 8171 11 319676 329475 -1 326718 G A 1
1 0 8174 21 45981770 46005050 1 46000809 G C 1
1 0 8295 1 165662216 165698562 -1 165698544 T G -1
1 0 8314 1 165631213 165661796 1 165632229 G A 1
1 0 8399 1 153992690 154155116 -1 154155073 C G 1
1 0 8448 1 204154819 204190324 -1 204198544 T C 1
1 0 8494 2 88170295 88186636 1 88170344 G C 1
1 0 8547 2 238100340 238133287 1 238127629 C T 1
1 0 855 19 55452985 55462343 -1 55517195 C G -1
1 0 8608 3 113211003 113287459 1 113212058 T G -1
1 0 8635 3 195746765 195811973 -1 195550871 C T 1
1 0 8635 3 195746765 195811973 -1 195715811 A G 1
1 0 9033 9 113386312 113401290 -1 113390710 C G 1
1 0 907 19 2100988 2164468 -1 1955704 G T -1
1 0 909 16 2025356 2039026 1 2039005 G A 1
1 0 9238 16 30085793 30091924 -1 30091839 C A -1
1 0 9404 10 4987775 5018031 -1 4982164 A C -1
1 0 9416 2 9488486 9556732 -1 9555777 A G -1
1 0 943 19 2997639 3047635 -1 3047562 C T -1
1 0 9541 2 70808643 70820599 -1 70888369 T G -1
1 0 9594 5 96525267 96779595 1 96778846 G A -1
1 0 9884 3 141228726 141367753 1 141240502 G T 1
1 0 9921 1 111117163 111140203 -1 111139496 C T -1
