0 0 10740 1 58643440 58700090 -1 58463495 A T 1
0 0 10774 1 183620846 183635783 -1 183734880 T C -1
0 0 10774 1 183620846 183635783 -1 183757177 C T -1
0 0 11169 1 42767245 42779491 1 42767136 C G 1
0 0 11851 7 100049774 100065040 1 100015853 C T -1
0 0 11961 15 43510958 43531620 1 43276009 C T -1
0 0 12413 3 158644527 158695581 1 158168131 C T -1
0 0 12689 17 7932101 7949920 1 7573175 G C 1
0 0 1303 14 103385377 103503831 1 103561933 T C 1
0 0 1303 14 103385377 103503831 1 103562469 G A 1
0 0 13089 15 45402336 45421415 1 45402120 G T 1
0 0 13678 19 9412429 9435573 -1 9435784 C T 1
0 0 14068 17 46292733 46338077 1 45894776 G A 1
0 0 14068 17 46292733 46338077 1 45936117 A G 1
0 0 14068 17 46292733 46338077 1 45990928 G C 1
0 0 14068 17 46292733 46338077 1 46013319 G T 1
0 0 14068 17 46292733 46338077 1 46266731 G C 1
0 0 14068 17 46292733 46338077 1 46267165 G A 1
0 0 14068 17 46292733 46338077 1 46279994 G A 1
0 0 14068 17 46292733 46338077 1 46286843 C T 1
0 0 14336 2 152717647 152762396 1 152890943 C A 1
0 0 15239 21 37073226 37203112 1 37072590 A G 1
0 0 15239 21 37073226 37203112 1 37072795 G A 1
0 0 1575 12 990509 1495933 1 1054352 T G -1
0 0 15996 21 37062846 37073170 -1 37072590 A G -1
0 0 15996 21 37062846 37073170 -1 37072795 G A -1
0 0 1657 7 100367530 100400096 1 100429716 C G 1
0 0 1657 7 100367530 100400096 1 100478991 A G 1
0 0 16737 3 40457292 40468587 1 40457691 C T -1
0 0 17661 1 212852105 212858139 -1 212857816 C T 1
0 0 17661 1 212852105 212858139 -1 212858606 G C 1
0 0 19842 6 30070266 30075849 -1 29977039 C T 1
0 0 20219 4 8482270 8516759 1 8507098 A G 1
0 0 22534 17 81681187 81683797 -1 81703356 A G -1
0 0 22566 2 108507515 108534196 -1 108633043 G A 1
0 0 22658 17 46193566 46197842 1 46266409 G A 1
0 0 22658 17 46193566 46197842 1 46279931 G T 1
0 0 22658 17 46193566 46197842 1 46286932 G C 1
0 0 22658 17 46193566 46197842 1 46287172 G C 1
0 0 2281 22 45308968 45341955 1 45335169 A G -1
0 0 23539 1 16562319 16613562 -1 16514605 A G -1
0 0 24546 16 70246778 70251940 -1 70251998 A G -1
0 0 24727 21 45288035 45297806 1 45292409 T C -1
0 0 2559 18 54269517 54321266 1 53946446 G T 1
0 0 2559 18 54269517 54321266 1 53959949 A G 1
0 0 2559 18 54269517 54321266 1 53980443 C T 1
0 0 27972 5 80626226 80654983 -1 80629486 C T -1
0 0 27972 5 80626226 80654983 -1 80755162 T G 1
0 0 29228 2 97416165 97433527 -1 97589819 C T -1
0 0 30701 6 135055033 135060550 1 135008617 T C -1
0 0 30701 6 135055033 135060550 1 135054920 T C -1
0 0 32546 6 145799409 145887430 1 145556418 T C 1
0 0 338 12 31073860 31104799 1 31073901 T A -1
0 0 36146 3 157174201 157381265 1 157174647 C G -1
0 0 36146 3 157174201 157381265 1 157210562 C G -1
0 0 3639 4 51843000 51916837 1 51964278 T G 1
0 0 3732 11 126269024 126278131 1 126269205 T C 1
0 0 40367 8 22613908 22616657 -1 22599693 T C -1
0 0 40367 8 22613908 22616657 -1 22599875 G A -1
0 0 4076 6 42696598 42722597 -1 42704669 T C 1
0 0 43349 12 69901918 70243405 -1 69989215 C T 1
0 0 43470 12 71047402 71118247 -1 71045809 C T -1
0 0 43674 14 55262222 55272075 -1 55133564 A T -1
0 0 43674 14 55262222 55272075 -1 55133687 C T -1
0 0 44236 14 73787355 73803300 1 73852752 G A 1
0 0 44948 16 27447669 27453393 -1 27618340 G C 1
0 0 44948 16 27447669 27453393 -1 27745545 T G -1
0 0 44948 16 27447669 27453393 -1 27746267 C T -1
0 0 45718 17 20008051 20009234 -1 20064449 G A -1
0 0 4981 10 95659823 95694143 -1 95693946 A C 1
0 0 5064 13 36168217 36214588 -1 36251071 G A 1
0 0 51433 1 236536162 236536704 -1 236547997 A T -1
0 0 51433 1 236536162 236536704 -1 236548023 T C -1
0 0 51433 1 236536162 236536704 -1 236548586 C T -1
0 0 51433 1 236536162 236536704 -1 236548651 T A -1
0 0 583 14 88384924 88470350 1 88689862 G A -1
0 0 59617 6 145784406 145786559 -1 145502296 T C -1
0 0 59617 6 145784406 145786559 -1 145669661 T C 1
0 0 59720 11 78223815 78225909 1 78331937 A C -1
0 0 59720 11 78223815 78225909 1 78332385 A C -1
0 0 59720 11 78223815 78225909 1 78416868 A G -1
0 0 60431 9 37776166 37777224 -1 37753801 C T 1
0 0 6087 3 134477706 134486716 -1 134485999 C G 1
0 0 6087 3 134477706 134486716 -1 134591135 T C -1
0 0 7187 13 52132639 52159597 -1 52011857 G A 1
0 0 7357 9 97674909 97697340 -1 97697296 T C -1
0 0 744 5 157266079 157395595 1 157355089 A G -1
0 0 8484 2 73729104 73737400 -1 73737504 C T -1
0 0 8484 2 73729104 73737400 -1 73737715 G C -1
0 0 8484 2 73729104 73737400 -1 73759294 C T -1
0 0 895 1 111754832 111775602 1 111733490 T C 1
0 0 9139 11 32583798 32606264 1 32801744 G A -1
0 0 9920 8 94895533 95116455 1 95009532 G C 1
0 0 9992 8 123416726 123470028 1 123437432 T G -1
0 0 9992 8 123416726 123470028 1 123449426 A T -1
1 0 11613 10 75210154 75231448 1 75210855 G C -1
1 0 12120 8 142670308 142682725 1 142670280 T C 1
1 0 14518 19 57803841 57814913 -1 57803905 G A 1
1 0 1990 22 17178790 17258235 -1 17199629 A C 1
1 0 19947 19 43967862 43998326 1 43984200 G A -1
1 0 2223 22 50443219 50483923 -1 50475000 T C -1
1 0 29108 6 2851230 2881407 -1 2876301 G A -1
1 0 32902 2 74919555 74924846 -1 74958729 G T 1
1 0 6246 11 8391868 8594289 -1 8225839 C T 1
1 0 744 5 157266079 157395595 1 157266948 T A -1
1 0 7635 2 169584342 169641406 1 169361885 G A 1
1 0 7692 4 98261384 98443858 1 98260226 G C 1
1 0 7930 15 77041404 77083984 -1 77083841 C A 1
1 0 794 16 2911931 2951208 1 2919896 C A -1
1 0 8294 1 168079542 168137667 -1 168136762 T G 1
1 0 8314 1 165631213 165661796 1 165632229 G A 1
