0 0 10095 17 81244811 81295547 -1 81272805 A G -1
0 0 10096 9 113410054 113429690 1 113455552 G A -1
0 0 10096 9 113410054 113429690 1 113520026 C T -1
0 0 10096 9 113410054 113429690 1 113548713 C T -1
0 0 10096 9 113410054 113429690 1 113548795 C T -1
0 0 10096 9 113410054 113429690 1 113548978 C T -1
0 0 10096 9 113410054 113429690 1 113564879 C T -1
0 0 10096 9 113410054 113429690 1 113565773 A G -1
0 0 10096 9 113410054 113429690 1 113571031 T C -1
0 0 10096 9 113410054 113429690 1 113571129 C T -1
0 0 10096 9 113410054 113429690 1 113571234 A G -1
0 0 10096 9 113410054 113429690 1 113580914 C T -1
0 0 10096 9 113410054 113429690 1 113594496 C T -1
0 0 1010 3 49359139 49412998 -1 49429438 A G 1
0 0 10286 17 48929316 48944842 -1 48908272 A G -1
0 0 10286 17 48929316 48944842 -1 48944908 C T -1
0 0 10324 1 151870866 151909637 -1 151962001 C T 1
0 0 10410 21 42879644 42913304 1 42879038 C T -1
0 0 10410 21 42879644 42913304 1 42879214 G C 1
0 0 10410 21 42879644 42913304 1 42892688 A G 1
0 0 10410 21 42879644 42913304 1 42893072 G A 1
0 0 1042 2 86213993 86338083 -1 86274978 C T -1
0 0 1042 2 86213993 86338083 -1 86280565 G A -1
0 0 1042 2 86213993 86338083 -1 86284333 G A -1
0 0 10431 21 44940025 44976973 1 44982808 G A 1
0 0 10454 19 40319536 40348527 -1 40348285 C T -1
0 0 10454 19 40319536 40348527 -1 40348547 C G -1
0 0 10487 11 119067818 119081972 1 119057196 C G 1
0 0 10487 11 119067818 119081972 1 119084604 G A 1
0 0 10487 11 119067818 119081972 1 119084969 C T 1
0 0 10504 3 46979666 47009704 1 46948414 G A 1
0 0 10504 3 46979666 47009704 1 46987936 G A 1
0 0 10504 3 46979666 47009704 1 47380662 G C 1
0 0 10526 8 144428775 144444440 -1 144428915 G A 1
0 0 10532 7 101362875 101559024 1 101362912 C T 1
0 0 10532 7 101362875 101559024 1 101362942 C T 1
0 0 10532 7 101362875 101559024 1 101362949 T G 1
0 0 10532 7 101362875 101559024 1 101362952 C T 1
0 0 10532 7 101362875 101559024 1 101363101 C T 1
0 0 10532 7 101362875 101559024 1 101363749 A G 1
0 0 10532 7 101362875 101559024 1 101363853 G A 1
0 0 10559 3 184186095 184194012 1 184229577 C G 1
0 0 10559 3 184186095 184194012 1 184249030 C A 1
0 0 10652 16 3305406 3318852 1 3305565 C T -1
0 0 10894 1 150730079 150765957 -1 150650144 T A 1
0 0 10894 1 150730079 150765957 -1 150667999 G A -1
0 0 10894 1 150730079 150765957 -1 150667999 G A 1
0 0 10894 1 150730079 150765957 -1 150697476 C T -1
0 0 10894 1 150730079 150765957 -1 150697476 C T 1
0 0 10894 1 150730079 150765957 -1 150811509 T C 1
0 0 10981 2 218217141 218254356 1 218292256 G A -1
0 0 10981 2 218217141 218254356 1 218292969 C T 1
0 0 10981 2 218217141 218254356 1 218294906 T C 1
0 0 10981 2 218217141 218254356 1 218295047 G A 1
0 0 10981 2 218217141 218254356 1 218298113 C T 1
0 0 10981 2 218217141 218254356 1 218311727 A C 1
0 0 10981 2 218217141 218254356 1 218322975 G A 1
0 0 1104 22 19179473 19291719 -1 19178484 G A 1
0 0 11131 1 37556919 37566857 1 37514843 G C -1
0 0 11141 3 129429607 129520510 1 129424234 G T 1
0 0 11141 3 129429607 129520510 1 129424309 A G 1
0 0 11141 3 129429607 129520510 1 129428772 C G 1
0 0 11141 3 129429607 129520510 1 129448400 A G -1
0 0 11141 3 129429607 129520510 1 129469180 T G 1
0 0 11180 4 103077592 103099870 -1 102780620 T C 1
0 0 11180 4 103077592 103099870 -1 102827640 A G 1
0 0 11180 4 103077592 103099870 -1 102828287 G A 1
0 0 11180 4 103077592 103099870 -1 102869029 G T 1
0 0 11180 4 103077592 103099870 -1 102878412 G A 1
0 0 11182 3 48157146 48188417 -1 48188134 C T 1
0 0 11182 3 48157146 48188417 -1 48241205 A G 1
0 0 11182 3 48157146 48188417 -1 48301392 C T 1
0 0 11182 3 48157146 48188417 -1 48301771 G A 1
0 0 11198 3 49857988 49869935 -1 50088782 C A -1
0 0 11206 3 52245759 52250599 1 52290153 A G 1
0 0 11206 3 52245759 52250599 1 52317537 T G 1
0 0 11206 3 52245759 52250599 1 52456375 A G -1
0 0 11391 7 98252379 98310441 1 98360794 T C 1
0 0 11394 8 11842524 11869533 -1 11802659 G C 1
0 0 11494 9 83938311 83956986 -1 83979804 G C 1
0 0 11508 7 73834590 73842516 -1 73832166 C T -1
0 0 11580 14 49618530 49620626 -1 49598999 G C 1
0 0 1160 23 154444141 154450654 1 154443984 G A 1
0 0 11617 10 117277274 117375440 -1 117374547 T C -1
0 0 11617 10 117277274 117375440 -1 117376010 T G -1
0 0 11640 10 68827531 68895432 1 68956350 A G -1
0 0 11714 11 95789965 95832693 1 95789959 C G 1
0 0 11714 11 95789965 95832693 1 95849283 G C 1
0 0 11714 11 95789965 95832693 1 95924597 A G -1
0 0 118 17 32927910 32945106 1 32954569 A G -1
0 0 118 17 32927910 32945106 1 32962426 C T 1
0 0 11830 11 8911139 8920084 1 8870776 G A 1
0 0 11847 18 54901509 54959461 -1 54959142 G A -1
0 0 11883 19 57977076 58003349 -1 57935250 G A 1
0 0 11953 15 66293217 66333898 1 66373153 A G -1
0 0 11953 15 66293217 66333898 1 66386717 C T -1
0 0 11953 15 66293217 66333898 1 66387481 G C -1
0 0 11970 15 43746394 43773279 1 43824788 C T -1
0 0 11988 9 127920881 127930785 -1 127937638 G A -1
0 0 11988 9 127920881 127930785 -1 127969232 C T 1
0 0 12037 18 49782164 49813953 -1 49813428 G A -1
0 0 1210 19 16197854 16245906 1 16216944 T C -1
0 0 12114 19 43827321 43852017 1 43827442 A C 1
0 0 12114 19 43827321 43852017 1 43827461 T C 1
0 0 12114 19 43827321 43852017 1 43827646 T C 1
0 0 12118 19 38303558 38317273 -1 38304610 G A -1
0 0 12127 19 4444999 4457794 -1 4369450 C T -1
0 0 12127 19 4444999 4457794 -1 4374853 C T -1
0 0 12230 3 39406716 39426255 1 39406933 T C -1
0 0 12233 3 41246599 41962130 -1 41933607 A T -1
0 0 12293 3 58427630 58433857 -1 58388806 A T 1
0 0 12293 3 58427630 58433857 -1 58434217 C T 1
0 0 12310 3 57571363 57598220 -1 57596651 A G 1
0 0 12310 3 57571363 57598220 -1 57597538 A T 1
0 0 12311 2 241315100 241354027 1 241272762 C T 1
0 0 12316 2 241687085 241729478 1 241702616 C T 1
0 0 12357 4 183444635 183449064 1 183438385 C T 1
0 0 12357 4 183444635 183449064 1 183438669 T G 1
0 0 12398 12 123671110 123708399 1 123670979 A G 1
0 0 12398 12 123671110 123708399 1 123712733 A C 1
0 0 12441 4 1715952 1721358 -1 1727620 A G -1
0 0 12474 9 91563091 91950228 -1 92098296 T C -1
0 0 12546 15 75598083 75626469 -1 75450661 G A 1
0 0 12553 8 140657900 141002216 -1 141000585 G A 1
0 0 12553 8 140657900 141002216 -1 141000954 C G 1
0 0 1257 17 3923870 3964464 -1 4215354 A G 1
0 0 1257 17 3923870 3964464 -1 4230099 C A 1
0 0 12652 1 1915108 1917296 1 1782430 T G 1
0 0 12722 17 10697594 10711558 1 10729375 G T -1
0 0 12727 3 33798571 33869707 1 33798622 T C -1
0 0 12727 3 33798571 33869707 1 33807306 G A -1
0 0 12741 17 7251416 7259940 1 7242662 T C 1
0 0 12785 5 139408588 139444491 -1 139385475 C T -1
0 0 12793 5 139367196 139384553 -1 139384467 C T 1
0 0 1283 15 66336191 66386746 -1 66386717 C T 1
0 0 1283 15 66336191 66386746 -1 66387481 G C 1
0 0 12922 2 36531805 36646087 -1 36561473 A G -1
0 0 12932 2 28849821 28870309 -1 28869984 G T 1
0 0 13018 19 9641807 9675100 -1 9768252 T C -1
0 0 1302 10 38094334 38150293 1 38093973 T G -1
0 0 1302 10 38094334 38150293 1 38094219 A T -1
0 0 1302 10 38094334 38150293 1 38094360 C A -1
0 0 1302 10 38094334 38150293 1 38094778 C T -1
0 0 1302 10 38094334 38150293 1 38094865 C T -1
0 0 13112 12 564296 663589 -1 610515 G A -1
0 0 13156 19 2819868 2836735 1 2819967 A G 1
0 0 1317 3 197042560 197299330 -1 197297699 C A 1
0 0 13210 5 43486709 43515148 -1 43602611 T C -1
0 0 13214 5 43065176 43192021 1 43192319 C A -1
0 0 13214 5 43065176 43192021 1 43192604 C T -1
0 0 13243 11 119102198 119118544 1 119149167 G A -1
0 0 13298 10 45727200 45792964 1 45672898 G A -1
0 0 13310 8 33370824 33473146 -1 33473052 G A -1
0 0 13310 8 33370824 33473146 -1 33473169 A C -1
0 0 13310 8 33370824 33473146 -1 33484500 T G -1
0 0 13310 8 33370824 33473146 -1 33513838 T G -1
0 0 13384 17 28755980 28855232 -1 28842872 G C -1
0 0 13415 6 111259327 111445354 1 111230207 T G 1
0 0 13416 1 115641970 115698224 1 115655189 G A -1
0 0 13458 3 49198428 49258106 1 49007334 C T 1
0 0 13458 3 49198428 49258106 1 49171432 T C 1
0 0 1349 10 103087185 103277605 -1 102869708 T G -1
0 0 13581 11 66563464 66568879 -1 66480225 G T -1
0 0 13590 4 1617915 1684313 -1 1721538 A G -1
0 0 13590 4 1617915 1684313 -1 1721552 T C -1
0 0 13599 15 41621134 41773081 1 41827513 G A -1
0 0 13599 15 41621134 41773081 1 41827959 G C -1
0 0 13662 11 66435075 66466738 -1 66467294 C T -1
0 0 13662 11 66435075 66466738 -1 66480373 G A -1
0 0 13676 16 19716456 19858467 1 19698137 C T 1
0 0 1370 16 27459555 27549913 -1 27549565 G A 1
0 0 13726 11 448268 491399 1 535798 G A -1
0 0 13726 11 448268 491399 1 537120 C T -1
0 0 13749 11 66257294 66267860 1 66258208 G A 1
0 0 13770 11 66070272 66244744 1 66196072 A T -1
0 0 13770 11 66070272 66244744 1 66196266 A G -1
0 0 13780 20 25762384 25868225 -1 25861767 C G 1
0 0 13780 20 25762384 25868225 -1 25985325 T C 1
0 0 1382 11 95768953 95790409 -1 95789694 G C 1
0 0 1382 11 95768953 95790409 -1 95789866 T G 1
0 0 1382 11 95768953 95790409 -1 95849283 G C 1
0 0 1387 1 19338775 19485539 -1 19448752 C T 1
0 0 1387 1 19338775 19485539 -1 19448998 A G 1
0 0 13886 12 122078756 122147344 1 122123369 C G 1
0 0 1393 8 38400215 38468834 -1 38382874 C T -1
0 0 13964 11 33039417 33105943 1 33039223 T C 1
0 0 13964 11 33039417 33105943 1 33039858 G C 1
0 0 13964 11 33039417 33105943 1 33040117 C T 1
0 0 13966 17 82101460 82212878 -1 82134065 G A -1
0 0 13966 17 82101460 82212878 -1 82134497 G T -1
0 0 13966 17 82101460 82212878 -1 82152991 G A -1
0 0 13979 8 42541155 42555195 1 42541861 C T -1
0 0 14060 8 86468257 86514357 -1 86508665 C A 1
0 0 14060 8 86468257 86514357 -1 86514562 G A 1
0 0 14068 17 46292733 46338077 1 45894115 T C 1
0 0 14068 17 46292733 46338077 1 45894238 C G 1
0 0 14068 17 46292733 46338077 1 45894419 A G 1
0 0 14068 17 46292733 46338077 1 45894571 C A 1
0 0 14068 17 46292733 46338077 1 45894776 G A 1
0 0 14068 17 46292733 46338077 1 45949129 A G 1
0 0 14068 17 46292733 46338077 1 45949182 T C -1
0 0 14068 17 46292733 46338077 1 46002673 T G 1
0 0 14068 17 46292733 46338077 1 46004161 T C 1
0 0 14068 17 46292733 46338077 1 46044551 C T 1
0 0 14068 17 46292733 46338077 1 46108689 G A 1
0 0 14068 17 46292733 46338077 1 46108886 G A 1
0 0 14068 17 46292733 46338077 1 46108935 T C 1
0 0 14068 17 46292733 46338077 1 46125945 C T 1
0 0 14068 17 46292733 46338077 1 46126000 T C 1
0 0 14068 17 46292733 46338077 1 46126047 C T 1
0 0 14068 17 46292733 46338077 1 46194064 A G 1
0 0 14068 17 46292733 46338077 1 46266731 G C 1
0 0 14068 17 46292733 46338077 1 46266812 T G 1
0 0 14068 17 46292733 46338077 1 46267043 A C 1
0 0 14068 17 46292733 46338077 1 46267090 T C 1
0 0 14185 19 41425359 41428730 -1 41397766 A G -1
0 0 14249 3 48918821 48986382 1 48685869 G C 1
0 0 14249 3 48918821 48986382 1 48740594 A G 1
0 0 14249 3 48918821 48986382 1 48919429 G C 1
0 0 14298 11 832887 839831 1 833138 C T 1
0 0 14298 11 832887 839831 1 842630 C T 1
0 0 14313 1 817371 819837 1 817237 C A 1
0 0 14328 1 42807052 42817397 -1 42658184 C T 1
0 0 14361 3 158571163 158607252 1 158644652 T C -1
0 0 14380 3 49015488 49022293 -1 48919429 G C -1
0 0 14380 3 49015488 49022293 -1 49007334 C T -1
0 0 14390 16 28846600 28874212 1 28846324 A G -1
0 0 14390 16 28846600 28874212 1 28863226 C G -1
0 0 14390 16 28846600 28874212 1 28863883 A T -1
0 0 14390 16 28846600 28874212 1 28880144 C T -1
0 0 14390 16 28846600 28874212 1 28910828 C T 1
0 0 14394 8 143915153 143976734 -1 143936584 C T -1
0 0 14394 8 143915153 143976734 -1 143939725 C G -1
0 0 14394 8 143915153 143976734 -1 143939781 C T -1
0 0 14404 3 49007062 49015953 1 49007334 C T -1
0 0 14490 16 89575758 89597246 1 89765102 C A -1
0 0 14607 6 32659467 32668383 -1 32666486 G T 1
0 0 14607 6 32659467 32668383 -1 32666487 C T 1
0 0 14607 6 32659467 32668383 -1 32666526 G A 1
0 0 14607 6 32659467 32668383 -1 32666592 C A 1
0 0 14607 6 32659467 32668383 -1 32666649 G A 1
0 0 14607 6 32659467 32668383 -1 32666728 C G 1
0 0 1463 8 11795573 11839395 1 11802853 T C 1
0 0 1463 8 11795573 11839395 1 11809261 T C 1
0 0 14638 8 144098633 144108124 -1 144104401 G A 1
0 0 14670 1 15834474 15848147 -1 15835341 T C 1
0 0 14670 1 15834474 15848147 -1 15835684 C T 1
0 0 14670 1 15834474 15848147 -1 15836059 G C 1
0 0 14745 5 443175 471937 1 442944 G T -1
0 0 14758 16 1826967 1840207 1 1826215 G T 1
0 0 14758 16 1826967 1840207 1 1827174 G A 1
0 0 14758 16 1826967 1840207 1 1827493 T C 1
0 0 14792 3 121631399 121660927 -1 121834872 G A 1
0 0 14796 3 56557161 56621837 1 56683191 T C 1
0 0 14796 3 56557161 56621837 1 56683528 T C 1
0 0 14894 2 241734602 241768816 1 241617604 G A -1
0 0 14894 2 241734602 241768816 1 241617764 A C -1
0 0 14955 17 7484366 7514616 1 7479817 C A 1
0 0 14996 17 45132600 45144181 1 45060965 T G -1
0 0 14996 17 45132600 45144181 1 45127829 C T 1
0 0 15113 19 21291160 21329425 -1 21328980 C A 1
0 0 15113 19 21291160 21329425 -1 21329389 C G 1
0 0 15113 19 21291160 21329425 -1 21358906 A T 1
0 0 15239 21 37073226 37203112 1 37072590 A G 1
0 0 15239 21 37073226 37203112 1 37072795 G A 1
0 0 15239 21 37073226 37203112 1 37207850 C G -1
0 0 15239 21 37073226 37203112 1 37221502 T C 1
0 0 15279 22 49900229 49918438 -1 49918577 T C 1
0 0 15299 20 45684651 45705019 -1 45791998 G A -1
0 0 15304 6 26538366 26546933 1 26538040 T C 1
0 0 15304 6 26538366 26546933 1 26553587 C G 1
0 0 15304 6 26538366 26546933 1 26553715 G A 1
0 0 15304 6 26538366 26546933 1 26568513 C T 1
0 0 15318 17 4498881 4539035 1 4515729 A T 1
0 0 15439 21 39174769 39183488 -1 39313313 A G 1
0 0 15439 21 39174769 39183488 -1 39313320 A G 1
0 0 15439 21 39174769 39183488 -1 39313736 T C 1
0 0 15439 21 39174769 39183488 -1 39314595 C T 1
0 0 15448 22 42553617 42574382 1 42614811 G A -1
0 0 155 17 12991612 13018065 -1 13018031 G C -1
0 0 15583 16 28688558 28735727 1 28554346 C G -1
0 0 15607 15 84235773 84245358 1 84570431 C T 1
0 0 15657 1 33306766 33321098 -1 33436909 C T 1
0 0 15685 23 102153708 102155977 -1 101931416 G A 1
0 0 15685 23 102153708 102155977 -1 101931530 T G 1
0 0 15727 22 31436977 31496108 -1 31220315 A G -1
0 0 1576 2 61476032 61538741 -1 61471028 C T -1
0 0 15766 23 102125679 102140426 1 102155805 G C 1
0 0 15803 14 105209286 105315589 -1 105248414 A G 1
0 0 15803 14 105209286 105315589 -1 105249178 C T 1
0 0 15890 12 123712353 123761755 1 123720063 G T -1
0 0 15958 22 21549447 21624034 1 21630090 G A 1
0 0 15996 21 37062846 37073170 -1 37149360 A T 1
0 0 16026 10 42475480 42495337 1 42552572 A G -1
0 0 16061 19 36534774 36605276 -1 36489686 T C -1
0 0 1614 1 39692182 39763914 1 39739151 C T 1
0 0 16168 3 44584888 44648471 1 44510489 A G -1
0 0 16168 3 44584888 44648471 1 44510851 A C -1
0 0 16168 3 44584888 44648471 1 44555404 T C -1
0 0 16168 3 44584888 44648471 1 44625114 G C -1
0 0 16171 2 24175053 24200849 1 24359900 C T -1
0 0 16171 2 24175053 24200849 1 24360053 C G -1
0 0 16171 2 24175053 24200849 1 24360239 G A -1
0 0 16171 2 24175053 24200849 1 24360250 G C -1
0 0 16171 2 24175053 24200849 1 24360529 C T -1
0 0 16171 2 24175053 24200849 1 24360606 C T -1
0 0 16171 2 24175053 24200849 1 24360808 A G -1
0 0 16175 5 82273320 82278396 -1 82278173 C T 1
0 0 16177 6 26365159 26378320 1 26420979 A G 1
0 0 16177 6 26365159 26378320 1 26421048 C A 1
0 0 16177 6 26365159 26378320 1 26440201 A T 1
0 0 16212 14 55496786 55580888 -1 55580080 A G -1
0 0 16212 14 55496786 55580888 -1 55580590 G T -1
0 0 16242 23 57118551 57121548 -1 56802986 G A -1
0 0 16265 21 45263928 45287898 -1 45294792 G A 1
0 0 16297 19 8322584 8343262 -1 8321422 G A -1
0 0 16297 19 8322584 8343262 -1 8321817 G A -1
0 0 16361 7 151375909 151410727 -1 151415535 T C -1
0 0 16475 17 10699015 10730023 -1 10729518 T C 1
0 0 16484 22 30356635 30378673 1 30291077 C A -1
0 0 16484 22 30356635 30378673 1 30335077 T C -1
0 0 16484 22 30356635 30378673 1 30356953 C A -1
0 0 16576 19 37506939 37548762 1 37312795 T A 1
0 0 16576 19 37506939 37548762 1 37317683 G C 1
0 0 16576 19 37506939 37548762 1 37317961 C A 1
0 0 16576 19 37506939 37548762 1 37334731 A T 1
0 0 16576 19 37506939 37548762 1 37334938 A C 1
0 0 16576 19 37506939 37548762 1 37370959 C T 1
0 0 16576 19 37506939 37548762 1 37467573 G C 1
0 0 1662 8 86514435 86561498 1 86514595 C G 1
0 0 1667 8 38225218 38275558 1 38176766 T C 1
0 0 1667 8 38225218 38275558 1 38268841 G C 1
0 0 1667 8 38225218 38275558 1 38382490 A G 1
0 0 1667 8 38225218 38275558 1 38386347 T G 1
0 0 16684 1 25362249 25430192 -1 25430369 T C 1
0 0 1674 2 233475526 233566782 -1 233481968 G A -1
0 0 1677 1 45786987 46036122 1 45750903 T C -1
0 0 1677 1 45786987 46036122 1 45954549 G A 1
0 0 16776 6 143422832 143450695 -1 143457537 G A 1
0 0 16782 19 36687612 36727701 1 36605171 C G -1
0 0 16782 19 36687612 36727701 1 36666699 T C 1
0 0 16852 7 64888527 64890100 -1 64888782 C G -1
0 0 16852 7 64888527 64890100 -1 64889370 G T -1
0 0 16852 7 64888527 64890100 -1 64889409 A G -1
0 0 16909 6 32577902 32589848 -1 32609772 A T -1
0 0 16909 6 32577902 32589848 -1 32609813 G A -1
0 0 16909 6 32577902 32589848 -1 32609938 G T -1
0 0 16909 6 32577902 32589848 -1 32609956 C T -1
0 0 16909 6 32577902 32589848 -1 32610007 C T -1
0 0 16909 6 32577902 32589848 -1 32610008 A G -1
0 0 16909 6 32577902 32589848 -1 32610034 C T -1
0 0 16909 6 32577902 32589848 -1 32610077 G A -1
0 0 16909 6 32577902 32589848 -1 32610130 C T -1
0 0 16909 6 32577902 32589848 -1 32610198 C T -1
0 0 16909 6 32577902 32589848 -1 32610204 A G -1
0 0 16909 6 32577902 32589848 -1 32610263 C G -1
0 0 16918 9 127424374 127445372 1 127450831 G C -1
0 0 17000 8 144772224 144787345 -1 144792397 C T 1
0 0 17000 8 144772224 144787345 -1 144798574 C G -1
0 0 17000 8 144772224 144787345 -1 144799296 G C 1
0 0 17000 8 144772224 144787345 -1 144826801 G T -1
0 0 17000 8 144772224 144787345 -1 144827142 A G -1
0 0 17000 8 144772224 144787345 -1 144827174 G C -1
0 0 17006 15 90352284 90369146 1 90388131 C T 1
0 0 17006 15 90352284 90369146 1 90388225 C T 1
0 0 17072 22 50274979 50307646 -1 50293474 T C -1
0 0 17121 6 32628179 32647062 1 32665140 T C -1
0 0 17121 6 32628179 32647062 1 32666737 A G -1
0 0 17141 5 148168546 148175619 1 148186563 G A -1
0 0 17141 5 148168546 148175619 1 148186632 C T -1
0 0 17169 2 97492663 97589877 -1 97590083 G C -1
0 0 17199 19 21496682 21556270 1 21397210 T G 1
0 0 17199 19 21496682 21556270 1 21483621 C G 1
0 0 17199 19 21496682 21556270 1 21586643 G A 1
0 0 17199 19 21496682 21556270 1 21586947 C A 1
0 0 17237 19 19997058 20039505 -1 20039647 T C -1
0 0 17315 5 132369710 132395613 1 132227808 C G -1
0 0 17320 4 3041363 3243957 1 2943019 T C -1
0 0 17398 23 149540355 149550510 1 149938710 A T 1
0 0 17438 9 137251261 137253483 1 137274797 G A -1
0 0 17454 9 97307304 97378751 1 97307477 A G -1
0 0 17454 9 97307304 97378751 1 97387174 C T -1
0 0 17503 9 127447674 127451406 -1 127453000 G A -1
0 0 1751 11 77821109 77918432 1 77589696 G T 1
0 0 1751 11 77821109 77918432 1 77602538 G A 1
0 0 17524 12 93467514 93516214 1 93512192 C T 1
0 0 17533 7 64870172 64930981 1 64882616 T G -1
0 0 17533 7 64870172 64930981 1 64882740 C G 1
0 0 17533 7 64870172 64930981 1 64889345 C T -1
0 0 17533 7 64870172 64930981 1 64889409 A G -1
0 0 17533 7 64870172 64930981 1 64902920 G A -1
0 0 17533 7 64870172 64930981 1 64902921 C A -1
0 0 17655 19 36916316 37005037 1 36973473 G A 1
0 0 17666 11 77034398 77041973 1 76920285 T C -1
0 0 17671 6 32517353 32530287 -1 32609809 G A -1
0 0 17699 2 170990823 171231314 -1 170929729 C T 1
0 0 17732 15 30890559 30943108 1 30991131 C G -1
0 0 17739 1 156290089 156295689 -1 156283240 G C -1
0 0 17776 22 38219291 38273010 -1 38229027 A C -1
0 0 17783 1 113073198 113132260 1 112705276 G A -1
0 0 17807 3 150602875 150630436 1 150538792 C A -1
0 0 17833 1 107056674 107067636 1 107056636 A T -1
0 0 17849 17 6578147 6640711 -1 6575353 G A -1
0 0 1798 12 120469850 120498493 1 120446525 C T 1
0 0 1798 12 120469850 120498493 1 120529118 A G 1
0 0 1820 12 120302316 120313249 1 120290845 G A 1
0 0 1820 12 120302316 120313249 1 120291671 A C 1
0 0 1820 12 120302316 120313249 1 120291695 A C 1
0 0 1820 12 120302316 120313249 1 120302559 C G 1
0 0 1820 12 120302316 120313249 1 120317377 G A 1
0 0 1820 12 120302316 120313249 1 120317560 T G 1
0 0 1869 19 46719511 46746994 -1 46714657 A C 1
0 0 1906 7 76461676 76505995 1 76358495 G A 1
0 0 1906 7 76461676 76505995 1 76445781 A G 1
0 0 1906 7 76461676 76505995 1 76599824 A G 1
0 0 193 1 171090901 171117819 1 171142212 G A 1
0 0 193 1 171090901 171117819 1 171142336 C G 1
0 0 1948 14 22946228 22957161 -1 22903704 G A -1
0 0 19533 6 149916878 149923121 -1 149718012 G A 1
0 0 19533 6 149916878 149923121 -1 149718225 C G 1
0 0 19533 6 149916878 149923121 -1 149718360 T C 1
0 0 19533 6 149916878 149923121 -1 149840735 C T 1
0 0 19658 10 50739318 50816495 1 50740428 G A -1
0 0 19806 6 31142439 31158238 -1 31186139 G A 1
0 0 19806 6 31142439 31158238 -1 31197956 C T 1
0 0 19806 6 31142439 31158238 -1 31272369 A T 1
0 0 19854 6 29722775 29738528 1 29723242 G A -1
0 0 19867 19 50050589 50066793 1 49987233 C T 1
0 0 19867 19 50050589 50066793 1 49987265 C T 1
0 0 19867 19 50050589 50066793 1 49987282 C T 1
0 0 19867 19 50050589 50066793 1 49987313 A G 1
0 0 19867 19 50050589 50066793 1 50004024 G A 1
0 0 19867 19 50050589 50066793 1 50004079 A G 1
0 0 19867 19 50050589 50066793 1 50004104 T G 1
0 0 19867 19 50050589 50066793 1 50004238 G C 1
0 0 19867 19 50050589 50066793 1 50026099 G A 1
0 0 19867 19 50050589 50066793 1 50050552 C T 1
0 0 19867 19 50050589 50066793 1 50050981 G A 1
0 0 20003 7 128671693 128687877 1 128672921 G C 1
0 0 20219 4 8482270 8516759 1 8428090 A G -1
0 0 20276 6 31197760 31203968 1 31158216 C G 1
0 0 20276 6 31197760 31203968 1 31197500 A G 1
0 0 20276 6 31197760 31203968 1 31203390 C G 1
0 0 20276 6 31197760 31203968 1 31203709 T C 1
0 0 20276 6 31197760 31203968 1 31204053 C T 1
0 0 20276 6 31197760 31203968 1 31246102 T C 1
0 0 20276 6 31197760 31203968 1 31272576 A C 1
0 0 20285 6 29941260 29949572 1 29749154 G C -1
0 0 20285 6 29941260 29949572 1 29752544 T C -1
0 0 20285 6 29941260 29949572 1 29752551 A G -1
0 0 20285 6 29941260 29949572 1 29752827 A G -1
0 0 20297 3 15450133 15521751 -1 15478427 C T 1
0 0 20297 3 15450133 15521751 -1 15529594 G C 1
0 0 2089 19 38335775 38370943 1 38250937 T G 1
0 0 2089 19 38335775 38370943 1 38304255 T C -1
0 0 2089 19 38335775 38370943 1 38361744 C A 1
0 0 2110 14 104865268 104896747 1 105093754 A G -1
0 0 2129 22 20859007 20891214 1 20703800 G A 1
0 0 2129 22 20859007 20891214 1 20858428 G A 1
0 0 2148 22 30368811 30421771 -1 30311708 A C -1
0 0 2148 22 30368811 30421771 -1 30335077 T C -1
0 0 2148 22 30368811 30421771 -1 30341012 C T -1
0 0 21599 14 106005095 106005574 -1 106005204 T C -1
0 0 21599 14 106005095 106005574 -1 106005379 A C -1
0 0 21599 14 106005095 106005574 -1 106005398 G A -1
0 0 2160 22 21919425 21952848 -1 21937845 C T -1
0 0 2161 22 30635781 30669016 1 30592395 G A 1
0 0 2161 22 30635781 30669016 1 30635656 T C 1
0 0 2161 22 30635781 30669016 1 30636322 C T 1
0 0 21962 2 61141592 61144969 -1 61145163 C G -1
0 0 2211 22 38656636 38673854 1 38570482 A G -1
0 0 2211 22 38656636 38673854 1 38657044 T C -1
0 0 2211 22 38656636 38673854 1 38657377 A G -1
0 0 22251 5 140537340 140557677 -1 140548543 C T -1
0 0 22369 20 25624045 25689032 1 25532587 C T -1
0 0 22566 2 108507515 108534196 -1 108534258 T C 1
0 0 22566 2 108507515 108534196 -1 108584200 T C 1
0 0 22566 2 108507515 108534196 -1 108633043 G A -1
0 0 2258 22 29788609 29838304 -1 29767121 G A 1
0 0 2258 22 29788609 29838304 -1 29813320 G A 1
0 0 22618 7 77657659 77696290 -1 77697093 T C -1
0 0 22658 17 46193566 46197842 1 45775743 G A 1
0 0 22658 17 46193566 46197842 1 45775767 T C 1
0 0 22658 17 46193566 46197842 1 45775869 T G 1
0 0 22658 17 46193566 46197842 1 45894115 T C 1
0 0 22658 17 46193566 46197842 1 45894238 C G 1
0 0 22658 17 46193566 46197842 1 45894571 C A 1
0 0 22658 17 46193566 46197842 1 46002673 T G 1
0 0 22658 17 46193566 46197842 1 46004161 T C 1
0 0 22658 17 46193566 46197842 1 46108689 G A 1
0 0 22658 17 46193566 46197842 1 46108886 G A 1
0 0 22658 17 46193566 46197842 1 46108935 T C 1
0 0 22658 17 46193566 46197842 1 46125945 C T 1
0 0 22658 17 46193566 46197842 1 46126000 T C 1
0 0 22658 17 46193566 46197842 1 46192927 G T 1
0 0 22658 17 46193566 46197842 1 46193443 A G 1
0 0 22658 17 46193566 46197842 1 46193786 G A 1
0 0 22658 17 46193566 46197842 1 46194064 A G 1
0 0 22881 12 6439001 6451607 -1 6493302 G A -1
0 0 2293 22 41525799 41544606 -1 41380642 G C -1
0 0 2293 22 41525799 41544606 -1 41381879 G A -1
0 0 2293 22 41525799 41544606 -1 41381909 T C -1
0 0 2293 22 41525799 41544606 -1 41444403 T C 1
0 0 2293 22 41525799 41544606 -1 41517840 A G -1
0 0 2293 22 41525799 41544606 -1 41557735 A C -1
0 0 22956 14 23938219 24052555 -1 23953524 A G -1
0 0 22956 14 23938219 24052555 -1 23953706 T G -1
0 0 22956 14 23938219 24052555 -1 23953727 C G -1
0 0 22956 14 23938219 24052555 -1 23953798 G A -1
0 0 22956 14 23938219 24052555 -1 23954120 G C -1
0 0 22956 14 23938219 24052555 -1 23954161 C T -1
0 0 2296 22 41598028 41621043 -1 41557735 A C 1
0 0 2296 22 41598028 41621043 -1 41589954 C A 1
0 0 2296 22 41598028 41621043 -1 41597492 G A 1
0 0 2296 22 41598028 41621043 -1 41800680 G C 1
0 0 2310 14 22893204 22919182 -1 22919117 A C -1
0 0 2310 14 22893204 22919182 -1 22919662 C G -1
0 0 2310 14 22893204 22919182 -1 22929693 C T -1
0 0 23539 1 16562319 16613562 -1 16888946 C T -1
0 0 23539 1 16562319 16613562 -1 16889031 T G 1
0 0 23539 1 16562319 16613562 -1 16938921 G T 1
0 0 23539 1 16562319 16613562 -1 16939106 C T 1
0 0 2389 14 34981957 35029686 1 35045890 C T -1
0 0 2389 14 34981957 35029686 1 35046714 C G -1
0 0 2412 20 35002404 35092807 -1 34997634 C T -1
0 0 2414 20 25294742 25390835 -1 25309876 C A -1
0 0 242 7 73593194 73624543 -1 73557398 C A 1
0 0 245 6 36354091 36387800 -1 36386735 C G 1
0 0 24571 6 32659880 32660729 1 32609819 C T 1
0 0 24571 6 32659880 32660729 1 32609862 T G 1
0 0 24571 6 32659880 32660729 1 32609918 A C 1
0 0 24715 1 93262186 93346025 -1 93180876 T C 1
0 0 24744 3 40313802 40453329 -1 40457354 C T -1
0 0 24789 6 33075990 33089696 1 33080912 G A -1
0 0 24789 6 33075990 33089696 1 33080914 C G -1
0 0 24789 6 33075990 33089696 1 33080917 A G -1
0 0 24850 2 178413635 178440243 1 178413612 C G 1
0 0 2531 20 34546854 34560345 1 34476025 A C 1
0 0 2531 20 34546854 34560345 1 34515716 G C 1
0 0 2531 20 34546854 34560345 1 34601302 T C 1
0 0 25740 1 33307348 33349245 1 33334299 G A 1
0 0 25740 1 33307348 33349245 1 33436909 C T 1
0 0 25778 7 158537495 158539879 1 158549738 G A 1
0 0 25778 7 158537495 158539879 1 158590915 C T 1
0 0 26125 6 32254640 32407763 1 32393631 C T -1
0 0 26125 6 32254640 32407763 1 32393672 C A -1
0 0 26125 6 32254640 32407763 1 32393708 G A -1
0 0 26125 6 32254640 32407763 1 32393748 T C -1
0 0 26125 6 32254640 32407763 1 32393917 G A -1
0 0 26125 6 32254640 32407763 1 32393975 C T -1
0 0 26234 1 120913184 121009291 1 120942451 T C -1
0 0 26234 1 120913184 121009291 1 120942758 T C -1
0 0 26234 1 120913184 121009291 1 120942996 T A -1
0 0 26367 2 159670708 159712444 -1 159712477 G A 1
0 0 26737 7 23205787 23208045 1 23182251 T C 1
0 0 270 1 41027202 41242306 -1 41110027 C T 1
0 0 27106 13 79406293 79427317 1 79393998 G A 1
0 0 27106 13 79406293 79427317 1 79394076 T G -1
0 0 27106 13 79406293 79427317 1 79406330 C G 1
0 0 27417 13 48001389 48002552 1 48127287 C T 1
0 0 27828 2 97664217 97703066 1 97590083 G C -1
0 0 27828 2 97664217 97703066 1 97663592 G A -1
0 0 27947 21 37187666 37193926 -1 37072590 A G 1
0 0 27947 21 37187666 37193926 -1 37072769 T C 1
0 0 27947 21 37187666 37193926 -1 37072795 G A 1
0 0 27960 17 46274784 46361766 -1 45894115 T C 1
0 0 27960 17 46274784 46361766 -1 45894419 A G 1
0 0 27960 17 46274784 46361766 -1 45894571 C A 1
0 0 27960 17 46274784 46361766 -1 45894776 G A 1
0 0 27960 17 46274784 46361766 -1 46002673 T G 1
0 0 27960 17 46274784 46361766 -1 46108689 G A 1
0 0 27960 17 46274784 46361766 -1 46108886 G A 1
0 0 27960 17 46274784 46361766 -1 46108935 T C 1
0 0 27960 17 46274784 46361766 -1 46125945 C T 1
0 0 27960 17 46274784 46361766 -1 46126000 T C 1
0 0 27960 17 46274784 46361766 -1 46126047 C T 1
0 0 27960 17 46274784 46361766 -1 46192693 A T 1
0 0 27960 17 46274784 46361766 -1 46193443 A G 1
0 0 27960 17 46274784 46361766 -1 46193786 G A 1
0 0 27960 17 46274784 46361766 -1 46194064 A G 1
0 0 27960 17 46274784 46361766 -1 46267043 A C 1
0 0 27960 17 46274784 46361766 -1 46267444 T G 1
0 0 27960 17 46274784 46361766 -1 46771151 C A -1
0 0 28007 7 141704003 141738346 -1 141762710 C T 1
0 0 2897 8 97775057 97853013 1 97805035 G A -1
0 0 2897 8 97775057 97853013 1 97805204 C G -1
0 0 2907 8 60516936 60623644 1 60652088 A C 1
0 0 30051 12 10824960 11171608 -1 10968976 G T 1
0 0 30051 12 10824960 11171608 -1 11171249 G A 1
0 0 30051 12 10824960 11171608 -1 11171252 A G 1
0 0 3019 19 49976468 50025946 -1 49972201 T A 1
0 0 30513 8 144437675 144439971 1 144429411 G A -1
0 0 30701 6 135055033 135060550 1 135054920 T C -1
0 0 30701 6 135055033 135060550 1 135055071 T G -1
0 0 30701 6 135055033 135060550 1 135055094 C T -1
0 0 30701 6 135055033 135060550 1 135055241 T G -1
0 0 30701 6 135055033 135060550 1 135055271 G T -1
0 0 30793 5 132311285 132370170 -1 132294369 C G 1
0 0 31137 19 36573070 36594712 1 36605171 C G 1
0 0 3179 19 20923222 20950697 1 20969680 A G -1
0 0 3180 19 43506719 43527230 -1 43525592 T G -1
0 0 31868 22 22293733 22294794 1 22297790 G T 1
0 0 3202 7 135183839 135211555 -1 135178736 C T 1
0 0 3202 7 135183839 135211555 -1 135178854 T C 1
0 0 32070 2 43229573 43233394 1 43305163 C T -1
0 0 32333 7 44039171 44042306 1 44044927 T C -1
0 0 32360 1 41242373 41284861 1 41003665 T C 1
0 0 3253 7 30580533 30634033 1 30595014 G C -1
0 0 32546 6 145799409 145887430 1 145506944 T A 1
0 0 32546 6 145799409 145887430 1 145735340 G C -1
0 0 3260 7 56101573 56106476 -1 55887420 G A -1
0 0 3260 7 56101573 56106476 -1 56106123 A G -1
0 0 3311 7 150243916 150323725 -1 150323292 G A 1
0 0 3311 7 150243916 150323725 -1 150340838 C T 1
0 0 33122 7 65840055 65842396 1 65751321 C T 1
0 0 33122 7 65840055 65842396 1 65770809 C G 1
0 0 3316 7 16791811 16833433 -1 16822231 G A -1
0 0 3323 7 42932376 42948958 1 42912211 G A 1
0 0 33629 7 66493607 66495758 1 66557934 T C -1
0 0 33629 7 66493607 66495758 1 66558025 A G -1
0 0 33629 7 66493607 66495758 1 66592017 A G -1
0 0 33629 7 66493607 66495758 1 66655048 T C -1
0 0 33759 1 778747 810065 1 818228 T A 1
0 0 338 12 31073860 31104799 1 31073901 T A -1
0 0 338 12 31073860 31104799 1 31074546 G T -1
0 0 338 12 31073860 31104799 1 31117215 G C -1
0 0 338 12 31073860 31104799 1 31117216 C A -1
0 0 3400 9 17579066 17797124 1 17557154 A G 1
0 0 3414 10 98410939 98446963 -1 98461324 T C -1
0 0 3414 10 98410939 98446963 -1 98461363 T C -1
0 0 34148 17 46511508 46556910 1 46044551 C T 1
0 0 34148 17 46511508 46556910 1 46108689 G A 1
0 0 34148 17 46511508 46556910 1 46126000 T C 1
0 0 34148 17 46511508 46556910 1 46267043 A C 1
0 0 34148 17 46511508 46556910 1 46267090 T C 1
0 0 34547 3 136835345 136862618 -1 136819074 C T -1
0 0 34547 3 136835345 136862618 -1 136819133 G A -1
0 0 34547 3 136835345 136862618 -1 136819538 G T -1
0 0 34547 3 136835345 136862618 -1 136820105 C G -1
0 0 34547 3 136835345 136862618 -1 136861682 A C -1
0 0 3459 10 26973793 27100494 -1 27154154 A T -1
0 0 3460 10 27168135 27243046 -1 27100568 A G -1
0 0 3489 10 68282660 68333049 -1 68231992 T G 1
0 0 3489 10 68282660 68333049 -1 68271801 C A 1
0 0 3510 17 58692573 58735611 1 58659186 G A 1
0 0 3510 17 58692573 58735611 1 58659279 A T 1
0 0 3528 17 16217191 16351797 1 16297846 T C -1
0 0 35392 3 67654669 67947713 1 67654746 C T -1
0 0 3540 17 4897771 4934438 -1 4903423 T C 1
0 0 35422 6 30345131 30346884 1 30451296 G A 1
0 0 35422 6 30345131 30346884 1 30451303 C T 1
0 0 35422 6 30345131 30346884 1 30451307 G A 1
0 0 35422 6 30345131 30346884 1 30451389 A G 1
0 0 35422 6 30345131 30346884 1 30451404 C A 1
0 0 35422 6 30345131 30346884 1 30451481 G A 1
0 0 35422 6 30345131 30346884 1 30453778 C T 1
0 0 35422 6 30345131 30346884 1 30453892 A G 1
0 0 35422 6 30345131 30346884 1 30453897 G A 1
0 0 35425 12 120941728 120980968 -1 121004438 C T 1
0 0 35425 12 120941728 120980968 -1 121004582 A G 1
0 0 3551 17 63819433 63830012 -1 63774006 C G 1
0 0 3551 17 63819433 63830012 -1 63774125 C A 1
0 0 3551 17 63819433 63830012 -1 63827186 A G 1
0 0 3551 17 63819433 63830012 -1 63827368 G A 1
0 0 3551 17 63819433 63830012 -1 63838987 A G 1
0 0 3551 17 63819433 63830012 -1 63839024 T C 1
0 0 3604 17 68535113 68601367 -1 68513002 C T 1
0 0 36297 7 76510525 76516522 1 76445781 A G 1
0 0 36297 7 76510525 76516522 1 76599824 A G 1
0 0 36513 6 52750087 52763475 -1 52745832 A G -1
0 0 36513 6 52750087 52763475 -1 52760243 C T -1
0 0 36513 6 52750087 52763475 -1 52803872 T C -1
0 0 36513 6 52750087 52763475 -1 52803889 A G -1
0 0 36513 6 52750087 52763475 -1 52829235 C T -1
0 0 3652 4 102794383 102868896 -1 102780620 T C -1
0 0 3652 4 102794383 102868896 -1 102780661 C T -1
0 0 3652 4 102794383 102868896 -1 102827640 A G -1
0 0 36791 10 79660891 79677996 1 79562524 C A 1
0 0 36890 4 99088805 99301356 1 99088893 C G 1
0 0 36929 4 102827611 102844099 1 102780603 G A -1
0 0 36929 4 102827611 102844099 1 102780661 C T -1
0 0 36929 4 102827611 102844099 1 102828359 C G -1
0 0 36929 4 102827611 102844099 1 102869029 G T -1
0 0 36969 12 11548030 11590369 1 11171577 C A -1
0 0 36994 5 81201341 81301565 -1 81301544 T C -1
0 0 37022 12 28163298 28190738 -1 28202694 T C -1
0 0 37022 12 28163298 28190738 -1 28202720 A T -1
0 0 37022 12 28163298 28190738 -1 28202721 C T -1
0 0 37022 12 28163298 28190738 -1 28202801 C T -1
0 0 37035 5 43571594 43603230 -1 43557127 G A -1
0 0 37035 5 43571594 43603230 -1 43769639 C G -1
0 0 37035 5 43571594 43603230 -1 43769639 C G 1
0 0 37170 1 1635225 1659012 -1 1658866 G A -1
0 0 37170 1 1635225 1659012 -1 1659114 A G -1
0 0 37288 5 181205361 181206120 -1 181204817 T C 1
0 0 37670 5 177782197 177794396 1 177694270 G A 1
0 0 37670 5 177782197 177794396 1 177694349 T C 1
0 0 3774 11 61102489 61127852 1 61129867 T C -1
0 0 37964 4 760202 781866 -1 773247 T C 1
0 0 3800 11 18322295 18367045 1 18322331 A G 1
0 0 3800 11 18322295 18367045 1 18371436 T A 1
0 0 38028 4 55363971 55395847 -1 55032948 C A 1
0 0 3811 12 120503279 120534434 -1 120446525 C T 1
0 0 3811 12 120503279 120534434 -1 120495804 G A 1
0 0 3811 12 120503279 120534434 -1 120529118 A G 1
0 0 3816 12 30709552 30823302 -1 30667463 T A -1
0 0 38262 19 19528861 19537581 1 19406516 C G -1
0 0 38262 19 19528861 19537581 1 19515925 A G -1
0 0 38262 19 19528861 19537581 1 19515972 T G -1
0 0 38262 19 19528861 19537581 1 19532534 A T -1
0 0 38669 4 146214515 146232267 1 146175842 G A 1
0 0 38669 4 146214515 146232267 1 146175955 A G 1
0 0 38669 4 146214515 146232267 1 146176018 C A 1
0 0 38669 4 146214515 146232267 1 146176141 T C 1
0 0 38669 4 146214515 146232267 1 146176158 A T 1
0 0 38669 4 146214515 146232267 1 146176272 T C 1
0 0 3874 12 123250112 123272334 -1 123075742 T C -1
0 0 38815 6 2245718 2525976 1 2492879 A T -1
0 0 38815 6 2245718 2525976 1 2493080 A T -1
0 0 3883 12 123602077 123620943 1 123584363 G A -1
0 0 3883 12 123602077 123620943 1 123601901 G A 1
0 0 3883 12 123602077 123620943 1 123601902 C T 1
0 0 3883 12 123602077 123620943 1 123601981 A G -1
0 0 3883 12 123602077 123620943 1 123670979 A G -1
0 0 3883 12 123602077 123620943 1 123712188 G C -1
0 0 3883 12 123602077 123620943 1 123712344 C G -1
0 0 3883 12 123602077 123620943 1 123714174 C T -1
0 0 3904 12 75490863 75511636 -1 75391320 C T -1
0 0 39158 16 28802743 28817828 1 28528527 C T -1
0 0 39158 16 28802743 28817828 1 28574315 C T -1
0 0 39158 16 28802743 28817828 1 28863801 T G -1
0 0 39158 16 28802743 28817828 1 28863883 A T -1
0 0 39158 16 28802743 28817828 1 28864161 A G -1
0 0 39158 16 28802743 28817828 1 28880144 C T -1
0 0 3919 12 6870935 6889358 -1 6873358 C G 1
0 0 3919 12 6870935 6889358 -1 6914136 A C 1
0 0 3919 12 6870935 6889358 -1 6914640 T G 1
0 0 3919 12 6870935 6889358 -1 6914702 T C 1
0 0 39191 4 151674483 151677893 1 151408362 T A 1
0 0 39191 4 151674483 151677893 1 151675374 C T 1
0 0 39191 4 151674483 151677893 1 151692102 T C 1
0 0 39191 4 151674483 151677893 1 151692390 A G 1
0 0 39191 4 151674483 151677893 1 151760894 G T 1
0 0 403 11 73646178 73662819 1 73647878 C T 1
0 0 4035 6 70667776 70862011 1 70667242 A G -1
0 0 40361 6 118934770 119182745 1 118934914 A G 1
0 0 40361 6 118934770 119182745 1 118935000 A G 1
0 0 40361 6 118934770 119182745 1 118935286 T A 1
0 0 40361 6 118934770 119182745 1 118940917 G A 1
0 0 40361 6 118934770 119182745 1 118941010 C T 1
0 0 40671 2 189762704 189765556 1 189661479 C T 1
0 0 4076 6 42696598 42722597 -1 42710137 T G 1
0 0 40982 5 151753992 151767247 1 151771983 A G -1
0 0 41473 11 30044053 30322988 -1 30159769 G A 1
0 0 4156 5 180899077 180950906 1 180886190 C T 1
0 0 4162 5 90471748 90514557 1 90529834 T C 1
0 0 41919 8 11797928 11802568 -1 11802853 T C 1
0 0 4193 5 65563236 65587549 1 65624164 G A -1
0 0 4193 5 65563236 65587549 1 65624664 T C -1
0 0 4193 5 65563236 65587549 1 65624976 C T -1
0 0 4195 5 65589690 65625975 -1 65624164 G A -1
0 0 4195 5 65589690 65625975 -1 65624976 C T -1
0 0 41998 11 59565923 59639861 1 59755309 A C 1
0 0 42162 11 66244717 66257595 -1 66277873 G C 1
0 0 422 11 494512 507300 -1 460765 A G -1
0 0 422 11 494512 507300 -1 506442 G T -1
0 0 422 11 494512 507300 -1 506596 C T -1
0 0 422 11 494512 507300 -1 518509 G A -1
0 0 422 11 494512 507300 -1 518808 T C -1
0 0 422 11 494512 507300 -1 537120 C T -1
0 0 422 11 494512 507300 -1 537502 C T -1
0 0 4224 3 53867066 53882152 -1 53881903 C T -1
0 0 4224 3 53867066 53882152 -1 53892083 C G -1
0 0 42278 11 77866412 77870091 -1 77589598 C A -1
0 0 42278 11 77866412 77870091 -1 77589696 G T -1
0 0 42278 11 77866412 77870091 -1 77590644 C T -1
0 0 42278 11 77866412 77870091 -1 77821417 T C -1
0 0 4231 3 120628172 120682269 -1 120742729 T C 1
0 0 42578 4 155921580 155953912 -1 155953697 G T -1
0 0 42599 12 123363868 123366113 1 123364504 A C 1
0 0 42599 12 123363868 123366113 1 123365227 C A 1
0 0 42599 12 123363868 123366113 1 123365374 T C 1
0 0 42599 12 123363868 123366113 1 123365621 A G 1
0 0 42599 12 123363868 123366113 1 123365650 A C 1
0 0 42599 12 123363868 123366113 1 123374713 C T 1
0 0 4289 3 126006357 126101561 -1 126083762 G C 1
0 0 43084 14 22929607 22956436 1 22919117 A C 1
0 0 43084 14 22929607 22956436 1 22919173 A C 1
0 0 43084 14 22929607 22956436 1 22919662 C G 1
0 0 4403 2 55287842 55419895 -1 55420186 G C 1
0 0 44284 14 64513952 64540368 -1 64503744 G A 1
0 0 44284 14 64513952 64540368 -1 64505031 G A -1
0 0 4467 2 9843443 9934416 1 9843688 G A 1
0 0 44826 14 103331674 103332367 -1 103333734 C T 1
0 0 4494 2 42333546 42425088 -1 42361055 T C -1
0 0 45176 15 75527150 75601205 -1 75348228 A G 1
0 0 45179 6 109382795 109383667 1 109383239 T C 1
0 0 45179 6 109382795 109383667 1 109383248 A C 1
0 0 45179 6 109382795 109383667 1 109455700 G T 1
0 0 45184 16 89296128 89298317 1 89122786 G A 1
0 0 45286 12 9347056 9400387 1 9418824 C T -1
0 0 45619 11 69103493 69109094 1 69089212 G A 1
0 0 45632 16 31043150 31049868 1 30922754 G A -1
0 0 45632 16 31043150 31049868 1 30941881 G A -1
0 0 45632 16 31043150 31049868 1 30958236 G C -1
0 0 459 6 26402237 26415208 1 26440424 C T 1
0 0 459 6 26402237 26415208 1 26473833 C A 1
0 0 459 6 26402237 26415208 1 26474514 G C 1
0 0 459 6 26402237 26415208 1 26569138 T C 1
0 0 45919 7 150337483 150343346 1 150324261 G C 1
0 0 45942 2 218255319 218257366 1 218270227 C T 1
0 0 46252 16 70315442 70346806 -1 70251199 T G 1
0 0 46252 16 70315442 70346806 -1 70299698 T C 1
0 0 46252 16 70315442 70346806 -1 70375182 A G 1
0 0 46291 19 27681072 27794005 -1 27793370 C A -1
0 0 46538 17 46983287 47100323 -1 47100059 C G -1
0 0 4668 1 85649417 85708433 -1 85708549 G T 1
0 0 4694 1 43974487 43978295 1 43836640 T C 1
0 0 4706 1 46340789 46365152 1 46348216 T C 1
0 0 4706 1 46340789 46365152 1 46348295 C T 1
0 0 4706 1 46340789 46365152 1 46348310 G A 1
0 0 4706 1 46340789 46365152 1 46348420 T G 1
0 0 4706 1 46340789 46365152 1 46394077 G A 1
0 0 4706 1 46340789 46365152 1 46394565 G A 1
0 0 4707 1 93149742 93180516 -1 93180650 T C 1
0 0 47399 17 39927742 39939601 1 39928097 T C -1
0 0 4740 1 212726153 212791782 -1 212791942 C G 1
0 0 4740 1 212726153 212791782 -1 212792127 C T 1
0 0 4740 1 212726153 212791782 -1 212833385 T G 1
0 0 4748 1 48222685 48248644 1 48472019 A T 1
0 0 4751 7 158730995 158830253 -1 158828911 G A -1
0 0 4754 15 76931738 76954393 1 76905240 C G 1
0 0 47640 18 706523 707648 1 703442 G A 1
0 0 47662 17 57771946 57834749 -1 57853990 G A 1
0 0 47714 17 82153430 82154815 1 82153081 C T -1
0 0 47714 17 82153430 82154815 1 82212478 G A -1
0 0 4810 6 134917393 134950115 -1 135054920 T C -1
0 0 4810 6 134917393 134950115 -1 135055271 G T -1
0 0 48171 17 82160056 82160452 1 82133841 C T -1
0 0 48171 17 82160056 82160452 1 82134065 G A -1
0 0 48171 17 82160056 82160452 1 82152518 C A -1
0 0 48171 17 82160056 82160452 1 82152520 C A -1
0 0 48171 17 82160056 82160452 1 82152991 G A -1
0 0 48171 17 82160056 82160452 1 82153848 A G -1
0 0 4818 4 17614641 17634105 1 17614591 C A 1
0 0 48384 19 36257662 36321276 1 36379355 C T 1
0 0 48544 19 1822089 1824542 1 1897923 A G -1
0 0 4877 9 108942569 109013522 -1 109012745 G A -1
0 0 4877 9 108942569 109013522 -1 109013487 C T -1
0 0 488 6 49463370 49493107 1 49483527 C T 1
0 0 4882 9 128504655 128543874 1 128098100 T C -1
0 0 4882 9 128504655 128543874 1 128098193 A G -1
0 0 4882 9 128504655 128543874 1 128098262 A G -1
0 0 49064 19 21554640 21569256 -1 21505693 C T -1
0 0 4916 14 74019349 74082863 1 74084823 C A 1
0 0 4918 14 75053237 75069483 -1 75051520 C T 1
0 0 4943 14 73886617 73932521 1 73886623 C T 1
0 0 49437 6 28015122 28137313 -1 27772887 C T 1
0 0 49437 6 28015122 28137313 -1 27837156 T C 1
0 0 49437 6 28015122 28137313 -1 27871968 T C 1
0 0 49794 3 37241789 37244202 -1 37386832 G T -1
0 0 4981 10 95659823 95694143 -1 95656647 T C 1
0 0 4981 10 95659823 95694143 -1 95742284 A G 1
0 0 4981 10 95659823 95694143 -1 95742563 G A 1
0 0 4981 10 95659823 95694143 -1 95832529 G A 1
0 0 4981 10 95659823 95694143 -1 95832540 C G 1
0 0 4994 17 46029916 46225389 -1 45775743 G A 1
0 0 4994 17 46029916 46225389 -1 45775767 T C 1
0 0 4994 17 46029916 46225389 -1 45775869 T G 1
0 0 4994 17 46029916 46225389 -1 45894091 G C 1
0 0 4994 17 46029916 46225389 -1 45894115 T C 1
0 0 4994 17 46029916 46225389 -1 45894419 A G 1
0 0 4994 17 46029916 46225389 -1 45894571 C A 1
0 0 4994 17 46029916 46225389 -1 45894776 G A 1
0 0 4994 17 46029916 46225389 -1 45949129 A G 1
0 0 4994 17 46029916 46225389 -1 46002673 T G 1
0 0 4994 17 46029916 46225389 -1 46004161 T C 1
0 0 4994 17 46029916 46225389 -1 46044551 C T 1
0 0 4994 17 46029916 46225389 -1 46108689 G A 1
0 0 4994 17 46029916 46225389 -1 46108886 G A 1
0 0 4994 17 46029916 46225389 -1 46108935 T C 1
0 0 4994 17 46029916 46225389 -1 46126000 T C 1
0 0 4994 17 46029916 46225389 -1 46126047 C T 1
0 0 4994 17 46029916 46225389 -1 46192693 A T 1
0 0 4994 17 46029916 46225389 -1 46193786 G A 1
0 0 4994 17 46029916 46225389 -1 46194064 A G 1
0 0 4994 17 46029916 46225389 -1 46225515 C T 1
0 0 5023 5 140175156 140282052 1 140193680 A G 1
0 0 5023 5 140175156 140282052 1 140228278 C T 1
0 0 5041 11 130866250 130916479 -1 130897591 G T 1
0 0 50526 1 28247144 28247568 1 28233063 C G -1
0 0 50866 6 28078792 28081130 -1 28080757 A G -1
0 0 50866 6 28078792 28081130 -1 28104824 G A -1
0 0 50866 6 28078792 28081130 -1 28124529 C G -1
0 0 50866 6 28078792 28081130 -1 28136698 C T -1
0 0 50866 6 28078792 28081130 -1 28136856 G T -1
0 0 50866 6 28078792 28081130 -1 28137418 C T -1
0 0 50866 6 28078792 28081130 -1 28141484 T C -1
0 0 50866 6 28078792 28081130 -1 28161802 T C -1
0 0 50937 3 57597531 57600927 1 57582719 T C 1
0 0 50937 3 57597531 57600927 1 57597790 A G 1
0 0 50937 3 57597531 57600927 1 57959799 G A 1
0 0 50979 6 31394289 31395495 -1 31366954 G C -1
0 0 50979 6 31394289 31395495 -1 31462975 G A -1
0 0 51006 2 10767875 10770058 -1 10776567 C T -1
0 0 51020 6 57908560 57913911 -1 57961543 A G 1
0 0 5103 8 22440819 22541142 1 22551889 G A -1
0 0 5105 8 27490781 27545564 1 27491447 C G 1
0 0 51127 6 31195200 31198037 -1 31178626 C T -1
0 0 51127 6 31195200 31198037 -1 31178807 G T -1
0 0 51127 6 31195200 31198037 -1 31186843 T C -1
0 0 51127 6 31195200 31198037 -1 31198069 C T -1
0 0 51192 10 73098044 73101297 -1 73111011 T C 1
0 0 51192 10 73098044 73101297 -1 73247046 A G 1
0 0 51192 10 73098044 73101297 -1 73414131 A G 1
0 0 51277 4 99067256 99068125 -1 98995190 A G 1
0 0 51305 7 66739829 66740642 -1 66378008 C T 1
0 0 51305 7 66739829 66740642 -1 66558036 G A 1
0 0 51305 7 66739829 66740642 -1 66591816 C T -1
0 0 51305 7 66739829 66740642 -1 66629021 C T -1
0 0 51305 7 66739829 66740642 -1 66654830 C G 1
0 0 51305 7 66739829 66740642 -1 66655284 A T 1
0 0 51305 7 66739829 66740642 -1 66682114 G A -1
0 0 51305 7 66739829 66740642 -1 66682191 C T -1
0 0 51305 7 66739829 66740642 -1 66682602 T C 1
0 0 51305 7 66739829 66740642 -1 66740595 A G 1
0 0 51305 7 66739829 66740642 -1 66741130 C G 1
0 0 51305 7 66739829 66740642 -1 66921904 C T 1
0 0 51317 12 121797511 121801972 1 121800394 G A 1
0 0 51369 7 135168403 135169547 1 135148304 C G 1
0 0 51369 7 135168403 135169547 1 135170973 G C 1
0 0 51388 2 190454092 190454521 -1 190534430 G A 1
0 0 51388 2 190454092 190454521 -1 190534652 C G 1
0 0 51391 10 38137337 38144399 1 38094803 C G -1
0 0 51391 10 38137337 38144399 1 38356372 C T -1
0 0 5144 12 21437615 21471250 1 21437687 T C -1
0 0 5144 12 21437615 21471250 1 21444580 G A -1
0 0 51446 2 86195154 86196644 1 86194950 G C 1
0 0 5154 19 58083838 58118427 -1 58155204 G T 1
0 0 5174 11 33015876 33033582 1 33039858 G C 1
0 0 5174 11 33015876 33033582 1 33207740 G A 1
0 0 51771 14 73873689 73885555 -1 73851942 G C 1
0 0 51771 14 73873689 73885555 -1 73852051 G T 1
0 0 51771 14 73873689 73885555 -1 73852500 C T 1
0 0 51771 14 73873689 73885555 -1 73852539 T C 1
0 0 51771 14 73873689 73885555 -1 73945331 T C 1
0 0 52320 20 38955910 38956547 1 38962115 T C -1
0 0 52320 20 38955910 38956547 1 38986786 T C -1
0 0 5243 10 86666785 86736072 1 86632678 A G -1
0 0 5250 1 86346824 86396342 -1 86430433 G T 1
0 0 5250 1 86346824 86396342 -1 86434236 A T 1
0 0 52675 9 137250219 137253497 -1 137274797 G A -1
0 0 5278 7 33014130 33062796 -1 33050854 C T -1
0 0 5278 7 33014130 33062796 -1 33062902 G A -1
0 0 5287 9 37879400 37904353 -1 37753577 G A 1
0 0 5299 7 135092363 135170795 -1 135170967 A G 1
0 0 53011 17 37406886 37479725 1 37490169 T C -1
0 0 53243 15 32583612 32584312 1 32615183 A G -1
0 0 53300 19 37314868 37315620 -1 37334938 A C 1
0 0 53300 19 37314868 37315620 -1 37370959 C T 1
0 0 5333 8 86342547 86478420 1 86508665 C A 1
0 0 5340 19 12666802 12675832 1 12676560 T C 1
0 0 5345 13 49660674 49691486 -1 49691612 G C -1
0 0 53584 1 247034637 247078811 -1 247078334 C T -1
0 0 53999 17 36495636 36543435 -1 36482702 C G -1
0 0 53999 17 36495636 36543435 -1 36544271 A G -1
0 0 53999 17 36495636 36543435 -1 36544987 C G -1
0 0 54549 6 99520976 99589899 1 99568364 A G -1
0 0 5492 5 7851186 7906025 1 8021069 G A 1
0 0 5492 5 7851186 7906025 1 8021145 C T 1
0 0 5509 17 20999596 21043760 -1 21042583 C A -1
0 0 5527 6 24402908 24426194 1 24403321 C A -1
0 0 5546 6 27374615 27403908 1 27388627 C T 1
0 0 5546 6 27374615 27403908 1 27389123 A G 1
0 0 55600 11 33076149 33079454 1 33039223 T C 1
0 0 55600 11 33076149 33079454 1 33039858 G C 1
0 0 55600 11 33076149 33079454 1 33040117 C T 1
0 0 55699 22 42138060 42139726 1 42070946 C T 1
0 0 55699 22 42138060 42139726 1 42079699 T G -1
0 0 55702 5 2712591 2715237 1 2739667 G A 1
0 0 55732 6 29871895 29873783 -1 29976889 T C -1
0 0 55732 6 29871895 29873783 -1 29977154 C G -1
0 0 55732 6 29871895 29873783 -1 30006377 G A -1
0 0 55732 6 29871895 29873783 -1 30006831 C G -1
0 0 55732 6 29871895 29873783 -1 30006895 T G -1
0 0 55732 6 29871895 29873783 -1 30007272 C G -1
0 0 55732 6 29871895 29873783 -1 30007278 A G -1
0 0 55732 6 29871895 29873783 -1 30007316 A T -1
0 0 55732 6 29871895 29873783 -1 30061136 G A -1
0 0 55732 6 29871895 29873783 -1 30075394 G C -1
0 0 55732 6 29871895 29873783 -1 30092042 T C -1
0 0 55909 7 142352819 142353358 1 142338955 A G 1
0 0 55934 10 34969881 34975578 1 35126627 A G -1
0 0 55934 10 34969881 34975578 1 35149409 T C -1
0 0 56192 1 58715609 58771295 1 58546315 C A 1
0 0 56192 1 58715609 58771295 1 58546759 C T 1
0 0 563 16 71637835 71724701 -1 71626407 G A 1
0 0 563 16 71637835 71724701 -1 71895956 C T 1
0 0 564 5 169583636 169604778 1 169584109 C G -1
0 0 5666 2 112541915 112579818 1 112584474 G T 1
0 0 57324 17 45586452 45588379 -1 45775743 G A 1
0 0 57324 17 45586452 45588379 -1 45775767 T C 1
0 0 57324 17 45586452 45588379 -1 45775869 T G 1
0 0 57324 17 45586452 45588379 -1 45894091 G C 1
0 0 57324 17 45586452 45588379 -1 45894115 T C 1
0 0 57324 17 45586452 45588379 -1 45894238 C G 1
0 0 57324 17 45586452 45588379 -1 45894571 C A 1
0 0 57324 17 45586452 45588379 -1 45894776 G A 1
0 0 57324 17 45586452 45588379 -1 45949129 A G 1
0 0 57324 17 45586452 45588379 -1 46004161 T C 1
0 0 57473 11 124949205 124954044 -1 124954085 C T 1
0 0 5784 13 112894378 113099742 1 112985357 G A -1
0 0 57940 5 150427904 150429906 1 150436487 A T -1
0 0 57940 5 150427904 150429906 1 150449748 G A -1
0 0 5811 19 49580646 49591004 1 49593164 C G 1
0 0 583 14 88384924 88470350 1 88551622 T C 1
0 0 5847 14 64503712 64533690 1 64505025 G C -1
0 0 58497 2 112039378 112055337 -1 111946456 T G 1
0 0 586 2 85394753 85418432 -1 85328254 G T 1
0 0 58698 3 128871913 128879475 -1 128879388 A C 1
0 0 58698 3 128871913 128879475 -1 128968069 A C 1
0 0 58874 20 30294550 30312480 1 30290404 A C 1
0 0 5895 12 69359710 69390870 1 69338325 T C -1
0 0 5895 12 69359710 69390870 1 69348408 C T 1
0 0 5895 12 69359710 69390870 1 69360409 G A -1
0 0 5898 7 141790217 141791367 1 141738140 C A -1
0 0 5898 7 141790217 141791367 1 141762710 C T -1
0 0 5908 1 19215660 19251552 -1 19122320 T C -1
0 0 59346 3 39292556 39384300 -1 39406572 G A 1
0 0 59346 3 39292556 39384300 -1 39406713 C T 1
0 0 59346 3 39292556 39384300 -1 39406933 T C 1
0 0 5953 7 77537295 77640069 1 77685535 A G -1
0 0 5956 7 75996338 76048004 -1 76048421 G A -1
0 0 5956 7 75996338 76048004 -1 76071644 A G -1
0 0 59617 6 145784406 145786559 -1 145814989 G T -1
0 0 59697 1 16228674 16231335 -1 16206353 A G 1
0 0 59697 1 16228674 16231335 -1 16206763 C T 1
0 0 59738 10 73247342 73248268 -1 73413457 G C -1
0 0 59738 10 73247342 73248268 -1 73414020 A G -1
0 0 59825 1 161368022 161371964 1 161367719 A G -1
0 0 59825 1 161368022 161371964 1 161367814 G A -1
0 0 59825 1 161368022 161371964 1 161390226 T G -1
0 0 59825 1 161368022 161371964 1 161390267 C T -1
0 0 59825 1 161368022 161371964 1 161390344 T G -1
0 0 59825 1 161368022 161371964 1 161390645 C T -1
0 0 5987 22 23070519 23125032 1 23142067 A C 1
0 0 60022 1 150629814 150635733 1 150650144 T A 1
0 0 60022 1 150629814 150635733 1 150667999 G A 1
0 0 60022 1 150629814 150635733 1 150696938 T G 1
0 0 60022 1 150629814 150635733 1 150697476 C T 1
0 0 60159 17 48944890 48945763 1 48892303 A T -1
0 0 60184 6 32894299 32903758 1 32894493 A C 1
0 0 60184 6 32894299 32903758 1 32894512 T C 1
0 0 60243 1 161364221 161364751 1 161399647 C T -1
0 0 60243 1 161364221 161364751 1 161399689 G A -1
0 0 60243 1 161364221 161364751 1 161399804 T A -1
0 0 60245 7 65219563 65252413 -1 64998386 G A -1
0 0 60245 7 65219563 65252413 -1 64998442 C T -1
0 0 60245 7 65219563 65252413 -1 65037990 C A 1
0 0 60245 7 65219563 65252413 -1 65038404 G T -1
0 0 60543 1 45583238 45583933 -1 45751050 A G -1
0 0 6091 7 56064002 56080670 1 55965214 G A 1
0 0 613 5 113513694 113595285 1 113514104 A C 1
0 0 6150 5 112876385 112922289 -1 112921554 C T 1
0 0 6150 5 112876385 112922289 -1 112964281 T C 1
0 0 6171 19 416589 461033 -1 488470 C G -1
0 0 6171 19 416589 461033 -1 488506 A G -1
0 0 6288 19 39125770 39182816 1 39156716 G C -1
0 0 6290 20 25673195 25696853 -1 25624228 G T -1
0 0 630 3 47850690 48089272 -1 47612332 C T 1
0 0 630 3 47850690 48089272 -1 47789251 A C -1
0 0 630 3 47850690 48089272 -1 47890784 C T 1
0 0 6300 9 130693721 130707288 1 130681718 C T 1
0 0 6300 9 130693721 130707288 1 130681721 C G 1
0 0 6351 9 94558720 94593824 -1 94603438 T C 1
0 0 6368 20 35701347 35742312 -1 35772093 C G -1
0 0 6385 4 337814 384868 1 337060 A T -1
0 0 6385 4 337814 384868 1 337869 T C -1
0 0 6385 4 337814 384868 1 337877 G C 1
0 0 6427 5 180784780 180815652 -1 180802950 C G -1
0 0 6427 5 180784780 180815652 -1 180802964 C G -1
0 0 6427 5 180784780 180815652 -1 180802966 G A -1
0 0 6427 5 180784780 180815652 -1 180803370 T G -1
0 0 6427 5 180784780 180815652 -1 180811039 T C -1
0 0 6447 1 1081818 1116361 -1 1122042 G C -1
0 0 6447 1 1081818 1116361 -1 1125228 G A -1
0 0 6538 2 86143932 86195472 -1 86195298 T G -1
0 0 6562 7 54752250 54759974 -1 54758785 G A -1
0 0 6562 7 54752250 54759974 -1 54759235 C T -1
0 0 6626 11 68903863 68940602 1 68890830 C G 1
0 0 6729 16 15865719 15888625 -1 15858468 C T -1
0 0 6740 22 30488902 30505711 -1 30506756 A G 1
0 0 6755 10 79937467 79982614 -1 79982402 T G 1
0 0 6755 10 79937467 79982614 -1 80158606 T C 1
0 0 6755 10 79937467 79982614 -1 80186782 C G 1
0 0 6755 10 79937467 79982614 -1 80205680 C A 1
0 0 6761 5 146110566 146182696 -1 146138151 T C 1
0 0 6761 5 146110566 146182696 -1 146182580 G A 1
0 0 6761 5 146110566 146182696 -1 146182719 G T 1
0 0 6761 5 146110566 146182696 -1 146183002 G A 1
0 0 6880 18 62187255 62310249 1 62329963 G A -1
0 0 6923 1 52056199 52090716 1 51969553 G T -1
0 0 6923 1 52056199 52090716 1 52033189 A T -1
0 0 6923 1 52056199 52090716 1 52033817 G A -1
0 0 6957 13 102596958 102679958 1 102642544 A G 1
0 0 7026 6 85449584 85495791 1 85405469 C A -1
0 0 7026 6 85449584 85495791 1 85405500 T C -1
0 0 7026 6 85449584 85495791 1 85405526 A G -1
0 0 7080 6 109366514 109382467 -1 109382480 G C 1
0 0 7126 1 232950605 232983882 1 232950261 C A 1
0 0 7138 1 183023420 183145592 1 183130686 G A -1
0 0 7161 2 98997261 99154964 -1 99154805 G C 1
0 0 7161 2 98997261 99154964 -1 99154809 C T 1
0 0 7161 2 98997261 99154964 -1 99155070 C T 1
0 0 7161 2 98997261 99154964 -1 99155127 G T 1
0 0 7166 2 108449107 108509415 1 108449402 T C 1
0 0 7166 2 108449107 108509415 1 108584200 T C 1
0 0 7182 12 101877580 102012130 1 101830658 C T -1
0 0 7184 12 104801801 104958744 -1 104958578 C T 1
0 0 7307 10 27110111 27155266 -1 27154946 C T 1
0 0 7307 10 27110111 27155266 -1 27155777 A T 1
0 0 7316 9 129827290 129835863 -1 129835822 C T -1
0 0 7317 9 104094260 104141419 1 104094411 T C -1
0 0 7337 9 99906654 99974534 1 100028264 T C 1
0 0 7337 9 99906654 99974534 1 100098646 G A 1
0 0 7337 9 99906654 99974534 1 100099166 G A 1
0 0 7365 9 124862130 124877733 1 124940722 A G -1
0 0 738 14 87837820 87993665 -1 87992401 C T -1
0 0 738 14 87837820 87993665 -1 87992936 C A -1
0 0 738 14 87837820 87993665 -1 87993090 G T -1
0 0 738 14 87837820 87993665 -1 87993312 A G -1
0 0 7410 6 44126914 44155519 1 44117291 T C 1
0 0 7429 6 30727709 30742732 -1 30793795 C T 1
0 0 7531 15 45252234 45277846 1 45249379 G A -1
0 0 7560 2 27098889 27119128 -1 27050703 T C -1
0 0 7560 2 27098889 27119128 -1 27086538 G A 1
0 0 7562 2 27086772 27100762 1 27086538 G A 1
0 0 7595 10 87751512 87841361 -1 87818518 C A -1
0 0 7613 10 73168119 73244504 1 73096818 C G 1
0 0 7613 10 73168119 73244504 1 73553474 G A 1
0 0 7630 2 189661385 189670831 1 189661479 C T 1
0 0 7651 3 101324205 101513241 -1 101467181 C A -1
0 0 7651 3 101324205 101513241 -1 101513077 T C -1
0 0 7655 3 122527924 122564577 -1 122564248 G A -1
0 0 7659 15 51829628 51947295 1 51922725 T C 1
0 0 7695 4 119494397 119628804 -1 119212763 T A 1
0 0 7695 4 119494397 119628804 -1 119454473 A G 1
0 0 7695 4 119494397 119628804 -1 119454572 G A -1
0 0 7695 4 119494397 119628804 -1 119454623 A G -1
0 0 7695 4 119494397 119628804 -1 119454627 C T -1
0 0 7695 4 119494397 119628804 -1 119454675 C T -1
0 0 7695 4 119494397 119628804 -1 119454676 A C -1
0 0 7695 4 119494397 119628804 -1 119454682 A G -1
0 0 7695 4 119494397 119628804 -1 119454825 G A -1
0 0 7695 4 119494397 119628804 -1 119454960 C G -1
0 0 7695 4 119494397 119628804 -1 119525893 A G -1
0 0 7698 4 75913660 75941013 -1 75940706 C T 1
0 0 7698 4 75913660 75941013 -1 75941102 G A 1
0 0 7712 4 105369077 105474067 -1 105473987 T C -1
0 0 7745 12 18242961 18648416 1 18242709 C T 1
0 0 7745 12 18242961 18648416 1 18242905 G A 1
0 0 7796 12 113185526 113192368 1 113221816 C G -1
0 0 7796 12 113185526 113192368 1 113244225 T C -1
0 0 7796 12 113185526 113192368 1 113259448 A G -1
0 0 7824 12 48653211 48682238 -1 48682028 T G 1
0 0 7824 12 48653211 48682238 -1 48716799 C G 1
0 0 7923 15 75336020 75343224 1 75625731 G A -1
0 0 7934 15 75355207 75368612 -1 75348228 A G -1
0 0 7972 15 90388242 90502239 1 90388131 C T 1
0 0 7972 15 90388242 90502239 1 90388225 C T 1
0 0 7972 15 90388242 90502239 1 90388583 T A 1
0 0 7972 15 90388242 90502239 1 90529758 A G -1
0 0 7972 15 90388242 90502239 1 90530635 G A 1
0 0 7995 16 72044289 72094431 -1 72125428 C T 1
0 0 800 4 151670504 151761007 -1 151675374 C T 1
0 0 800 4 151670504 151761007 -1 151691842 G A 1
0 0 800 4 151670504 151761007 -1 151692102 T C 1
0 0 800 4 151670504 151761007 -1 151692328 C T 1
0 0 8046 17 55751051 55842830 1 55783977 G A -1
0 0 8050 17 73232233 73248959 1 73193043 A G 1
0 0 8050 17 73232233 73248959 1 73232628 A C 1
0 0 8051 17 50862223 50867978 -1 50905509 T C 1
0 0 8051 17 50862223 50867978 -1 50909779 C T 1
0 0 8054 17 2337498 2381058 1 2359317 G A -1
0 0 8054 17 2337498 2381058 1 2359409 C T -1
0 0 8058 17 47837692 47841289 -1 47821691 C T 1
0 0 815 1 26787054 26800659 1 26693253 T C -1
0 0 815 1 26787054 26800659 1 26724087 A T -1
0 0 815 1 26787054 26800659 1 26753440 T C -1
0 0 815 1 26787054 26800659 1 26771828 G A -1
0 0 815 1 26787054 26800659 1 26787521 T C -1
0 0 815 1 26787054 26800659 1 26849628 A G -1
0 0 8186 21 32311018 32393012 -1 32393187 A C 1
0 0 8186 21 32311018 32393012 -1 32433170 A G 1
0 0 8278 1 109466546 109482134 1 109392956 T C -1
0 0 8278 1 109466546 109482134 1 109393153 A C -1
0 0 8278 1 109466546 109482134 1 109494376 G C 1
0 0 8358 1 150794880 150809577 -1 150811509 T C 1
0 0 84 16 20610243 20797581 1 20711839 G A 1
0 0 8435 1 224356858 224379459 1 224356827 A G 1
0 0 8474 2 70281362 70293740 -1 70190907 T G 1
0 0 8474 2 70281362 70293740 -1 70249121 T C 1
0 0 8474 2 70281362 70293740 -1 70257733 G C 1
0 0 8474 2 70281362 70293740 -1 70258188 C T 1
0 0 8474 2 70281362 70293740 -1 70258610 C G 1
0 0 8484 2 73729104 73737400 -1 73780218 A G -1
0 0 8539 2 213284389 214410501 1 213289078 G T -1
0 0 8663 4 102868974 102892807 1 102780620 T C -1
0 0 8663 4 102868974 102892807 1 102827640 A G -1
0 0 8663 4 102868974 102892807 1 102878412 G A -1
0 0 8679 4 168863770 169010275 -1 168878475 C T 1
0 0 8679 4 168863770 169010275 -1 169009814 G A 1
0 0 8709 5 103120149 103212799 1 103120550 C T -1
0 0 8829 6 160348378 160452577 1 160520221 G A 1
0 0 8832 7 2728105 2844308 -1 2738191 A G 1
0 0 8833 7 996986 1138260 -1 1160765 T G 1
0 0 8867 7 134986508 135147963 1 135148304 C G 1
0 0 8867 7 134986508 135147963 1 135148481 G A 1
0 0 887 20 45890144 45898949 1 45881093 G A 1
0 0 8899 23 46447292 46497422 1 46447598 A G 1
0 0 8970 8 70635318 70669185 -1 70674736 A G 1
0 0 9015 9 83623049 83644130 1 83707825 C G -1
0 0 9063 9 137554444 137578925 -1 137590065 C T -1
0 0 911 6 34792083 34877514 1 34745361 C T 1
0 0 911 6 34792083 34877514 1 34745723 G A 1
0 0 911 6 34792083 34877514 1 34792451 C T 1
0 0 9136 11 34853094 34916379 -1 34855015 C T 1
0 0 9136 11 34853094 34916379 -1 34887145 A G 1
0 0 9136 11 34853094 34916379 -1 34887331 G C 1
0 0 9136 11 34853094 34916379 -1 34887334 T G -1
0 0 9136 11 34853094 34916379 -1 34887353 T C 1
0 0 9136 11 34853094 34916379 -1 34915869 G A -1
0 0 9136 11 34853094 34916379 -1 34916150 T C -1
0 0 9136 11 34853094 34916379 -1 34916384 G A -1
0 0 9136 11 34853094 34916379 -1 34916652 C G -1
0 0 9136 11 34853094 34916379 -1 34916722 C T -1
0 0 9144 11 57325986 57335892 -1 57249562 A G -1
0 0 9144 11 57325986 57335892 -1 57249641 C T -1
0 0 9144 11 57325986 57335892 -1 57278408 T G -1
0 0 9198 11 62615296 62622154 -1 62665312 C T 1
0 0 9198 11 62615296 62622154 -1 62908743 T C 1
0 0 9242 16 30005514 30023270 -1 30096460 A G -1
0 0 9278 14 39230231 39388513 1 39266653 C G 1
0 0 9278 14 39230231 39388513 1 39382608 T C 1
0 0 9300 5 10249929 10266389 1 10250318 G A 1
0 0 9300 5 10249929 10266389 1 10250331 T C 1
0 0 9320 12 124911604 124917368 -1 124904726 T C 1
0 0 9395 15 56243971 56445997 1 56262102 A G 1
0 0 9395 15 56243971 56445997 1 56342549 T C 1
0 0 9395 15 56243971 56445997 1 56365282 C T 1
0 0 9404 10 4987775 5018031 -1 4943069 C T 1
0 0 941 10 12129637 12169961 1 12129741 G A 1
0 0 9412 2 190343570 190371665 1 190343615 C T 1
0 0 9412 2 190343570 190371665 1 190360026 T G 1
0 0 9480 11 30323104 30338223 1 30133383 T C 1
0 0 9480 11 30323104 30338223 1 30133539 T C 1
0 0 9480 11 30323104 30338223 1 30155720 G A 1
0 0 9483 18 46080248 46104334 -1 46098058 G A 1
0 0 9496 5 81972023 82276857 1 81972475 C A -1
0 0 9551 13 98142562 98455176 1 98566271 C T 1
0 0 962 1 42430329 42456253 -1 42463059 G A 1
0 0 9629 16 4461691 4495763 -1 4476291 A G -1
0 0 9629 16 4461691 4495763 -1 4477108 T C -1
0 0 9671 17 56834107 56869567 1 56834568 G A 1
0 0 9765 7 66682164 66811464 1 66378008 C T 1
0 0 9765 7 66682164 66811464 1 66654830 C G 1
0 0 9765 7 66682164 66811464 1 66655284 A T 1
0 0 9765 7 66682164 66811464 1 66682602 T C 1
0 0 9765 7 66682164 66811464 1 66740563 C T 1
0 0 9765 7 66682164 66811464 1 66740949 C G 1
0 0 9765 7 66682164 66811464 1 66741130 C G 1
0 0 9765 7 66682164 66811464 1 66921904 C T 1
0 0 9765 7 66682164 66811464 1 66996763 C T 1
0 0 9827 4 8436140 8493531 1 8410744 T C -1
0 0 9827 4 8436140 8493531 1 8437565 G T -1
0 0 9827 4 8436140 8493531 1 8473222 A G -1
0 0 990 15 71822291 72118577 -1 72117428 T C 1
0 0 9905 10 73253762 73358864 -1 73110749 A C -1
0 0 9905 10 73253762 73358864 -1 73111011 T C -1
0 0 9905 10 73253762 73358864 -1 73414020 A G -1
0 0 9905 10 73253762 73358864 -1 73414489 G A -1
0 0 9905 10 73253762 73358864 -1 73496145 G C -1
0 0 9922 8 95244913 95269201 -1 95269587 C G 1
0 0 9922 8 95244913 95269201 -1 95269756 G A 1
0 0 9922 8 95244913 95269201 -1 95269757 C T 1
0 0 9992 8 123416726 123470028 1 123417155 A G 1
0 0 9992 8 123416726 123470028 1 123443310 G A 1
1 0 10057 14 23953734 23969279 1 23988781 G C -1
1 0 10095 17 81244811 81295547 -1 81294933 T C 1
1 0 1013 1 2050411 2185395 1 2189679 C T 1
1 0 10168 1 6205475 6221299 1 6206026 A G -1
1 0 10234 1 161118086 161125445 1 161118210 G A 1
1 0 10355 4 2269582 2418651 -1 2339410 C T 1
1 0 10363 17 1003519 1229738 -1 1006211 A T 1
1 0 10363 17 1003519 1229738 -1 1179789 A G -1
1 0 10417 21 43719094 43762307 1 43741018 G C 1
1 0 10525 8 144423601 144428563 -1 144428520 G C 1
1 0 10533 8 144477969 144502121 1 144503352 C T -1
1 0 10567 19 36150922 36152449 -1 36152793 T G 1
1 0 10651 16 2830253 2839585 1 2830104 C T 1
1 0 10732 1 2184461 2212720 -1 2189679 C T -1
1 0 10763 1 91260766 91404856 -1 91404573 G A -1
1 0 10763 1 91260766 91404856 -1 91404853 G C 1
1 0 10855 2 55172547 55232563 -1 55232237 T G 1
1 0 11022 3 19879472 19947025 -1 19946945 G C 1
1 0 11218 4 121667946 121696995 -1 121696962 C T -1
1 0 11613 10 75210154 75231448 1 75210855 G C -1
1 0 11953 15 66293217 66333898 1 66293569 C A 1
1 0 11962 15 90954881 90963125 1 90957066 T C -1
1 0 11996 9 128340527 128361470 1 128340767 C T 1
1 0 12029 17 79074824 79088599 1 79074958 C A -1
1 0 12036 11 3638512 3642316 -1 3642192 A G -1
1 0 12101 19 54160108 54173250 -1 54137139 C A 1
1 0 12120 8 142670308 142682725 1 142670280 T C 1
1 0 12142 17 2303383 2325260 1 2304032 G A -1
1 0 12155 19 51055626 51065114 -1 51063616 G A -1
1 0 12155 19 51055626 51065114 -1 51063616 G A 1
1 0 12155 19 51055626 51065114 -1 51063686 G A -1
1 0 122 11 17392498 17476894 -1 17476510 G A 1
1 0 12307 14 100143957 100159645 -1 100187435 C T -1
1 0 12515 1 155195588 155209051 -1 155208991 T A -1
1 0 12575 2 164894354 164955525 -1 164938084 C T -1
1 0 12620 16 56625475 56627112 1 56625613 C G 1
1 0 12781 4 47847233 47914667 -1 47914329 C G -1
1 0 12834 7 102479976 102517777 -1 102478892 G T 1
1 0 12977 19 11848726 11883750 1 11587896 C G 1
1 0 12977 19 11848726 11883750 1 11848749 T C 1
1 0 12979 17 80101533 80119881 1 80101663 G C -1
1 0 13076 20 64073181 64079988 -1 64080106 C T 1
1 0 13112 12 564296 663589 -1 643194 G A 1
1 0 13131 19 15912367 15934867 -1 15934939 G A -1
1 0 13179 17 35410922 35433283 -1 35433192 C T -1
1 0 13400 11 67056847 67072017 1 67056790 C T -1
1 0 13662 11 66435075 66466738 -1 66438698 C T -1
1 0 13691 4 112637077 112657696 1 112637718 A G 1
1 0 13805 9 128920966 128942041 1 128922361 G A -1
1 0 13814 18 14057457 14132490 -1 14132403 G C 1
1 0 13873 16 11249619 11381662 1 11345446 G T -1
1 0 1391 23 119399336 119454478 1 119399336 A G 1
1 0 13930 6 113904132 113921642 1 113904066 G A 1
1 0 14196 9 137086857 137109189 1 137114482 A G -1
1 0 14228 12 630858 664196 1 643194 G A 1
1 0 14292 11 826144 831991 1 827317 G A 1
1 0 14292 11 826144 831991 1 827713 A T 1
1 0 14418 7 1152071 1160759 -1 1160154 G C -1
1 0 14452 16 79585843 79600737 -1 79586541 G C 1
1 0 14518 19 57803841 57814913 -1 57803905 G A 1
1 0 14851 4 184334292 184353977 -1 184339694 A G -1
1 0 14894 2 241734602 241768816 1 241735544 T G -1
1 0 14925 17 212389 386254 -1 349256 G A 1
1 0 15035 1 109504178 109509738 -1 109509517 A G 1
1 0 15199 15 90883695 90895776 1 90884462 G A -1
1 0 15314 19 52860851 52897693 -1 52897507 C A -1
1 0 15333 15 99715697 99733561 -1 99733412 T C -1
1 0 15515 1 233904676 234324511 1 234262946 C T 1
1 0 15533 21 41304212 41357727 1 41322740 T C 1
1 0 15618 11 120211032 120230334 1 120185708 A T 1
1 0 15627 11 2400488 2403878 1 2400804 T A 1
1 0 15666 22 20999104 21002196 -1 21001740 T C -1
1 0 15942 22 19432545 19436075 1 19432783 C G -1
1 0 16328 3 28241584 28325142 1 28241610 G A -1
1 0 16361 7 151375909 151410727 -1 151415640 A G -1
1 0 16466 9 136363956 136373681 -1 136363451 G A 1
1 0 16487 19 14053363 14062076 -1 14062139 T G -1
1 0 16599 19 9323772 9351162 1 9324196 C T -1
1 0 16687 22 43999211 44172939 1 44024135 G C 1
1 0 1671 4 139665768 139740745 1 139665971 A T -1
1 0 16736 9 137434364 137441816 -1 137437096 G A -1
1 0 16747 7 139452690 139483673 -1 139483814 A C 1
1 0 16749 17 40121971 40136917 1 40122783 C G -1
1 0 1675 1 46188683 46220305 -1 46198577 A G 1
1 0 16754 10 127135426 127196591 -1 127403385 T C 1
1 0 16828 19 52749942 52786807 -1 52786803 G C -1
1 0 16964 7 74796151 74851605 -1 74788740 C G -1
1 0 17028 23 101418287 101533459 1 101418370 G T -1
1 0 17202 19 21722771 21767579 -1 21767600 T C -1
1 0 17270 5 179862066 179907897 -1 179908060 A G 1
1 0 17376 1 70354786 70385339 1 70355119 G A 1
1 0 17406 9 5510531 5571282 1 5510644 A G 1
1 0 17426 12 56041351 56044697 1 56042145 C G -1
1 0 17784 14 20461992 20477094 1 20470092 A C -1
1 0 1818 12 120196699 120201235 -1 120201102 C A -1
1 0 19457 2 55214387 55216126 -1 55232237 T G 1
1 0 19519 1 244969682 245127164 1 244970360 G C -1
1 0 19534 1 197902630 197907367 1 197902889 G T -1
1 0 19801 6 31268749 31272130 -1 31272264 C T -1
1 0 19801 6 31268749 31272130 -1 31308205 A T 1
1 0 19848 6 29975112 29978410 1 29977115 G C 1
1 0 19909 2 74918148 74938418 1 74958729 G T 1
1 0 19947 19 43967862 43998326 1 43984200 G A -1
1 0 20023 20 5482736 5526709 -1 5504691 G A 1
1 0 2086 19 17226213 17229219 1 17226216 C T 1
1 0 21428 7 38358512 38359162 -1 38359180 G T -1
1 0 2161 22 30635781 30669016 1 30667845 G A -1
1 0 221 8 133454848 133571926 -1 133570254 C T 1
1 0 223 16 3065297 3082192 1 3065271 T C -1
1 0 22540 7 154928460 154952188 1 154928549 T C 1
1 0 22545 6 5103629 5260950 -1 5260461 C T 1
1 0 22881 12 6439001 6451607 -1 6451407 G T 1
1 0 22956 14 23938219 24052555 -1 23988781 G C -1
1 0 2397 14 24138959 24141591 -1 24141524 T C -1
1 0 2451 20 62708836 62762771 1 62776867 G A -1
1 0 2468 20 3786772 3806121 1 3777779 C G 1
1 0 24784 7 520391 530163 1 522588 T G 1
1 0 24789 6 33075990 33089696 1 33080825 C A -1
1 0 2481 20 5126879 5197887 1 5169221 G A -1
1 0 25158 13 21302862 21362139 -1 21298170 C G 1
1 0 2551 18 12991362 13125052 1 12991394 T C -1
1 0 256 19 45668221 45683722 1 45669311 C A 1
1 0 26025 9 133654586 133657313 -1 133738370 C G -1
1 0 2621 23 48890197 48903402 1 48891182 C T 1
1 0 267 12 6873569 6914241 1 6904912 C G 1
1 0 26739 2 66426735 66433470 -1 66576665 A G -1
1 0 27139 2 161244720 161249095 1 161244750 G A -1
1 0 2813 16 53433977 53491648 1 53503669 A G -1
1 0 2846 15 78921058 78949574 -1 78944951 C T -1
1 0 28861 10 80046860 80078912 -1 80078900 A C 1
1 0 29108 6 2851230 2881407 -1 2876301 G A -1
1 0 29381 2 74940258 74942670 1 74958729 G T 1
1 0 29555 21 36005137 36007838 1 36005333 G A 1
1 0 2976 19 49446298 49453497 -1 49453017 C G -1
1 0 29802 6 33272075 33276511 1 33272092 C T -1
1 0 29961 20 50171809 50176676 1 50172851 A G 1
1 0 3005 19 3052910 3063107 -1 3062695 C T -1
1 0 3005 19 3052910 3063107 -1 3062859 T C -1
1 0 3057 19 36113709 36115213 -1 36114973 G T 1
1 0 31206 1 37350934 37474432 -1 37474398 G A -1
1 0 31654 10 26643228 26645016 1 26622247 G T 1
1 0 31929 16 11927259 11976643 -1 11976565 T C -1
1 0 32143 12 1929202 1936574 -1 1936474 A G 1
1 0 32700 3 29054570 29290726 -1 29280806 A C -1
1 0 32902 2 74919555 74924846 -1 74958729 G T 1
1 0 32945 2 164840661 165208261 1 164938084 C T -1
1 0 330 7 151341772 151378449 1 151341872 T C -1
1 0 3324 7 43608456 43729717 -1 43765096 C T -1
1 0 33279 1 26169516 26171832 -1 26169879 C T -1
1 0 3363 9 111549722 111599893 -1 111599379 G C -1
1 0 33785 23 990221 994365 1 990241 C A -1
1 0 34186 1 16887577 16889725 -1 16889585 T C 1
1 0 3428 10 121709393 121928801 -1 121928637 A T -1
1 0 35 7 8113184 8262687 -1 8262654 G A 1
1 0 3534 17 4948092 4957131 1 4949168 C T -1
1 0 36406 7 151409161 151413354 1 151415640 A G -1
1 0 36896 11 78139756 78175323 1 78139778 C T -1
1 0 36904 8 102239386 102253750 1 102239769 G A 1
1 0 3694 4 185399537 185425979 -1 185425919 G C 1
1 0 3775 11 44065925 44084237 1 44066439 G T 1
1 0 3816 12 30709552 30823302 -1 30822535 C A -1
1 0 38593 2 46490750 46542577 -1 46541996 T C -1
1 0 3872 12 6375045 6391571 1 6384185 A G -1
1 0 3973 6 125119049 125264407 1 125154412 A G -1
1 0 402 11 94415570 94493885 -1 94493786 C T 1
1 0 404 6 2832332 2841959 -1 2841322 C T -1
1 0 40850 8 1971153 1974768 -1 1974214 C T 1
1 0 41970 11 823634 832883 -1 827713 A T 1
1 0 42024 11 44071462 44072403 1 44066439 G T 1
1 0 42599 12 123363868 123366113 1 123364976 C T 1
1 0 42715 12 27696388 27710803 -1 27710598 T C 1
1 0 4416 2 84516455 84819589 1 84459633 A G -1
1 0 44236 14 73787355 73803300 1 73787509 G A 1
1 0 4467 2 9843443 9934416 1 9843557 G T 1
1 0 4468 2 10302889 10427617 1 10408700 T C -1
1 0 448 20 44942130 44960397 -1 44960400 G A -1
1 0 44947 9 112028570 112039143 -1 112065985 A C -1
1 0 4511 19 1000419 1009732 1 1009586 C G -1
1 0 4529 1 52602371 52609051 1 52602758 G A -1
1 0 46272 15 73908071 73928248 -1 73927659 C T 1
1 0 4633 1 37681570 37692249 -1 37692275 C T 1
1 0 4744 1 27891524 27914746 -1 27914572 G A 1
1 0 47590 18 3190397 3247277 1 3247258 A C 1
1 0 4770 11 119015712 119018691 -1 119018668 G A 1
1 0 47826 17 64943262 64951054 1 64966066 C T 1
1 0 48276 19 44631573 44725217 -1 44718495 T C -1
1 0 48277 19 19757366 19776423 -1 19776299 C T -1
1 0 4910 14 72926377 72959703 1 72926683 G A 1
1 0 4915 14 94127779 94130253 -1 94129652 T C -1
1 0 4944 2 46541806 46584688 1 46541996 T C -1
1 0 49607 19 52650447 52690496 -1 52690517 A G -1
1 0 49682 2 9936360 9939590 1 9843557 G T 1
1 0 50230 6 1026494 1027225 -1 1080706 T C 1
1 0 50350 7 20328289 20331781 -1 20331650 C G -1
1 0 5065 13 43023203 43114213 1 43023570 C T -1
1 0 50748 14 101948309 101949568 1 101948430 G A 1
1 0 51007 6 3068045 3068894 -1 3068823 C T -1
1 0 51108 6 708592 711460 -1 711150 A C 1
1 0 51418 1 153966516 153966930 1 153964113 T C 1
1 0 51435 9 4676600 4679537 -1 4679078 C G 1
1 0 51771 14 73873689 73885555 -1 73852011 A G -1
1 0 52129 19 5294247 5294696 1 5293643 G A 1
1 0 52294 17 36183235 36196471 1 36182815 G A 1
1 0 5280 7 5898725 5926550 1 5898695 C T 1
1 0 53506 12 120116907 120119003 1 120116998 C T -1
1 0 5352 10 7559270 7666998 -1 7626012 T C -1
1 0 5377 9 133663560 133739955 -1 133738370 C G -1
1 0 543 4 177430774 177442437 -1 177442224 G A 1
1 0 5561 6 43011143 43016868 -1 43013895 C A 1
1 0 55806 1 153964361 153965070 1 153964113 T C 1
1 0 56347 18 63966406 63970181 -1 63970585 A C -1
1 0 5638 17 75109952 75130272 1 75114184 C T -1
1 0 5652 20 63538489 63547749 -1 63542209 G T 1
1 0 5659 20 63520765 63522206 1 63521166 C G -1
1 0 57001 1 64186791 64192685 1 64186812 G A 1
1 0 57981 10 63630672 63655769 1 63630874 T C -1
1 0 57996 5 1345197 1350786 1 1345359 A G -1
1 0 58380 6 958323 1101400 -1 1080706 T C 1
1 0 58733 22 19291969 19328901 1 19292283 G C 1
1 0 58738 2 131647990 131767404 1 131682500 G C 1
1 0 59182 19 53434661 53473936 -1 53431907 G A -1
1 0 59581 11 88337839 88428548 1 88337904 A G 1
1 0 5969 4 56809860 56821742 -1 56821841 G T 1
1 0 5974 22 50217689 50245023 -1 50219624 A G 1
1 0 59966 16 78608488 78613931 1 78608516 C G 1
1 0 5997 22 38084652 38111015 -1 38110681 T C -1
1 0 6035 7 128937457 128950038 1 128938247 T G 1
1 0 60728 13 100675060 100676887 1 100675091 G T 1
1 0 6147 14 20365667 20413501 -1 20413368 T C -1
1 0 6236 6 106629578 106668417 1 106629627 G A -1
1 0 6307 16 634427 636366 -1 636337 G A 1
1 0 6427 5 180784780 180815652 -1 180810084 G C -1
1 0 6641 20 44496221 44522085 -1 44521668 G A -1
1 0 6653 1 11654375 11663327 1 11664651 T C 1
1 0 6828 1 109733932 109741038 -1 109740350 G T 1
1 0 6842 1 111139479 111185104 1 111139496 C T -1
1 0 692 16 88643275 88651083 -1 88650666 G A -1
1 0 710 19 17215346 17219829 1 17215758 A T 1
1 0 7109 16 82147798 82170224 -1 82170181 C G -1
1 0 7190 13 50909747 51024120 1 50910309 C T 1
1 0 7224 7 6577434 6589374 1 6577616 C G 1
1 0 724 1 243256034 243500091 1 243487724 T C 1
1 0 7250 15 78104606 78131535 -1 78131254 A C 1
1 0 7424 6 3063824 3115187 1 3068823 C T -1
1 0 772 10 5765223 5842132 -1 5813440 G C -1
1 0 772 10 5765223 5842132 -1 5813440 G C 1
1 0 7739 12 10212458 10223128 1 10212975 C G 1
1 0 7764 12 6693791 6700815 -1 6700730 G C 1
1 0 8174 21 45981770 46005050 1 46000809 G C 1
1 0 8177 21 31659666 31668931 1 31659661 A G 1
1 0 8281 1 94820342 94895246 1 94747176 A G 1
1 0 8314 1 165631213 165661796 1 165632229 G A 1
1 0 8499 2 113627229 113643396 1 113627627 T C -1
1 0 8514 2 127645864 127652639 1 127649600 G A -1
1 0 8608 3 113211003 113287459 1 113212058 T G -1
1 0 8681 4 186191567 186213463 1 186191678 C T 1
1 0 876 3 98732236 98821201 1 98740667 C G -1
1 0 9076 10 16590611 16817463 -1 16817401 G C 1
1 0 9180 20 3667965 3682246 -1 3680300 G C -1
1 0 9363 11 44095648 44251962 1 44066439 G T 1
1 0 9416 2 9488486 9556732 -1 9555777 A G -1
1 0 9631 16 5044122 5066110 -1 5065227 C T 1
1 0 9699 11 124865432 124881471 1 124876748 A C 1
1 0 9921 1 111117163 111140203 -1 111139496 C T -1
