0 0 10561 19 38990714 39032785 -1 39032251 T C -1
0 0 10940 3 88051944 88149885 -1 88113733 G C -1
0 0 10940 3 88051944 88149885 -1 88141994 A T -1
0 0 10940 3 88051944 88149885 -1 88150029 T C -1
0 0 10940 3 88051944 88149885 -1 88150148 T C -1
0 0 10952 2 237324003 237414328 -1 237432697 C T -1
0 0 11287 5 96760810 96808100 -1 96935070 C T -1
0 0 11287 5 96760810 96808100 -1 96935365 T C -1
0 0 11287 5 96760810 96808100 -1 96935737 T A -1
0 0 11287 5 96760810 96808100 -1 96935829 C T -1
0 0 11287 5 96760810 96808100 -1 96935929 T A -1
0 0 11714 11 95789965 95832693 1 95789866 T G 1
0 0 11714 11 95789965 95832693 1 95789959 C G 1
0 0 11733 10 100529072 100559998 1 100433855 C T -1
0 0 11733 10 100529072 100559998 1 100433889 T C -1
0 0 11733 10 100529072 100559998 1 100481456 T C -1
0 0 11733 10 100529072 100559998 1 100529321 C A -1
0 0 11733 10 100529072 100559998 1 100529986 C G -1
0 0 11733 10 100529072 100559998 1 100535663 C T -1
0 0 11733 10 100529072 100559998 1 100535901 T G -1
0 0 11733 10 100529072 100559998 1 100536304 A G -1
0 0 11787 10 73110375 73131828 1 73110033 G A -1
0 0 11787 10 73110375 73131828 1 73110749 A C -1
0 0 11787 10 73110375 73131828 1 73501863 A G -1
0 0 11911 16 75443054 75465497 -1 75464355 G T -1
0 0 11911 16 75443054 75465497 -1 75464895 C T -1
0 0 11919 18 54357906 54385218 1 54285043 G A -1
0 0 12708 11 111602449 111730855 1 111602364 G A -1
0 0 12708 11 111602449 111730855 1 111603392 G A -1
0 0 12727 3 33798571 33869707 1 33799250 C T -1
0 0 12917 8 142212080 142403182 -1 142403025 C T -1
0 0 13102 1 169792529 169794963 -1 169891214 G C -1
0 0 13102 1 169792529 169794963 -1 169926175 A G 1
0 0 13176 3 48290722 48301685 -1 48301800 C T -1
0 0 1327 3 12557057 12586208 1 12560995 G A -1
0 0 1327 3 12557057 12586208 1 12663709 G A 1
0 0 13331 5 112976702 113022195 1 113023323 A C 1
0 0 13408 3 122577628 122639047 1 122577987 A G 1
0 0 13966 17 82101460 82212878 -1 82126945 C T 1
0 0 13966 17 82101460 82212878 -1 82127407 C T 1
0 0 13966 17 82101460 82212878 -1 82127450 G A 1
0 0 13966 17 82101460 82212878 -1 82127465 A G 1
0 0 13966 17 82101460 82212878 -1 82153848 A G -1
0 0 13966 17 82101460 82212878 -1 82201090 T G -1
0 0 14060 8 86468257 86514357 -1 86472440 C T 1
0 0 1407 11 76860859 77026797 1 76920285 T C -1
0 0 1407 11 76860859 77026797 1 76920413 G A -1
0 0 1407 11 76860859 77026797 1 76920429 G A -1
0 0 14249 3 48918821 48986382 1 48685869 G C 1
0 0 14249 3 48918821 48986382 1 49120338 G A 1
0 0 14271 11 799179 809753 -1 805419 G A 1
0 0 14619 7 66376044 66493566 -1 66413674 A G -1
0 0 14619 7 66376044 66493566 -1 66592017 A G 1
0 0 14651 17 17200995 17206333 -1 17119527 T C 1
0 0 14667 8 144107726 144118328 1 144094920 G T 1
0 0 14667 8 144107726 144118328 1 144094957 A G 1
0 0 14758 16 1826967 1840207 1 1826215 G T 1
0 0 14758 16 1826967 1840207 1 1827174 G A 1
0 0 1492 6 108984309 109094846 -1 109009164 A G 1
0 0 1492 6 108984309 109094846 -1 109009214 C T 1
0 0 1492 6 108984309 109094846 -1 109020095 A G 1
0 0 1492 6 108984309 109094846 -1 109036626 A G 1
0 0 15004 3 47016428 47164113 -1 46948414 G A -1
0 0 15004 3 47016428 47164113 -1 46953752 C T -1
0 0 15004 3 47016428 47164113 -1 47163449 G T 1
0 0 15361 22 42079691 42084284 1 42079699 T G -1
0 0 15475 14 92116122 92121917 -1 92122573 T A -1
0 0 15777 16 68530090 68576072 1 68528912 C T 1
0 0 15777 16 68530090 68576072 1 68529888 A C 1
0 0 15777 16 68530090 68576072 1 68530283 C T 1
0 0 15948 17 81843159 81860856 -1 81870416 G T 1
0 0 1621 11 67583742 67586656 1 67584114 C G 1
0 0 16678 10 95907603 96033745 1 95807132 T C 1
0 0 16732 17 43338741 43389226 -1 43310023 A G 1
0 0 16732 17 43338741 43389226 -1 43310090 T C 1
0 0 16732 17 43338741 43389226 -1 43334234 G C 1
0 0 16909 6 32577902 32589848 -1 32530606 T C -1
0 0 16909 6 32577902 32589848 -1 32609772 A T -1
0 0 16909 6 32577902 32589848 -1 32609868 C T -1
0 0 16909 6 32577902 32589848 -1 32609869 A G -1
0 0 16909 6 32577902 32589848 -1 32609938 G T -1
0 0 16909 6 32577902 32589848 -1 32610034 C T -1
0 0 16909 6 32577902 32589848 -1 32610198 C T -1
0 0 16909 6 32577902 32589848 -1 32610204 A G -1
0 0 16909 6 32577902 32589848 -1 32610263 C G -1
0 0 16909 6 32577902 32589848 -1 32610419 G A -1
0 0 16961 19 21397119 21427577 1 21358763 G A 1
0 0 16985 1 207321519 207386804 1 207336020 C T -1
0 0 17113 17 68205481 68257712 1 68237453 T C 1
0 0 17121 6 32628179 32647062 1 32666737 A G -1
0 0 17182 2 195575977 195737702 1 195658161 C T 1
0 0 17182 2 195575977 195737702 1 196068464 T C 1
0 0 1724 17 63827152 63832026 1 63774125 C A -1
0 0 1724 17 63827152 63832026 1 63827186 A G -1
0 0 1724 17 63827152 63832026 1 63835032 C T -1
0 0 17305 11 68891276 68903835 -1 68903636 A G -1
0 0 17344 4 143870864 143905563 -1 143803381 G A 1
0 0 17344 4 143870864 143905563 -1 143804369 C T 1
0 0 17373 18 61905255 62187118 -1 62187285 G T -1
0 0 17503 9 127447674 127451406 -1 127438171 G A 1
0 0 17659 19 57849859 57865117 1 57849832 C G -1
0 0 17659 19 57849859 57865117 1 57850281 C T -1
0 0 17661 1 212852105 212858139 -1 212857816 C T 1
0 0 17661 1 212852105 212858139 -1 212858008 C T 1
0 0 17661 1 212852105 212858139 -1 212858131 A C 1
0 0 17661 1 212852105 212858139 -1 212858367 C T 1
0 0 17661 1 212852105 212858139 -1 212858606 G C 1
0 0 17669 17 43125551 43153671 1 43315904 G A -1
0 0 17669 17 43125551 43153671 1 43315939 T C -1
0 0 17669 17 43125551 43153671 1 43316084 T C -1
0 0 17669 17 43125551 43153671 1 43368091 G C -1
0 0 17669 17 43125551 43153671 1 43368092 C A -1
0 0 17669 17 43125551 43153671 1 43368094 C G -1
0 0 17671 6 32517353 32530287 -1 32530606 T C 1
0 0 17865 22 42058334 42070842 -1 42070946 C T 1
0 0 17865 22 42058334 42070842 -1 42074585 G C 1
0 0 17865 22 42058334 42070842 -1 42074604 C G 1
0 0 17865 22 42058334 42070842 -1 42079564 A G -1
0 0 17865 22 42058334 42070842 -1 42079699 T G -1
0 0 17865 22 42058334 42070842 -1 42120618 T C -1
0 0 19656 1 28369582 28500364 1 28409762 C T -1
0 0 19656 1 28369582 28500364 1 28417526 G A -1
0 0 19769 6 31661228 31666283 -1 31652243 A G -1
0 0 19801 6 31268749 31272130 -1 31308447 T C 1
0 0 2184 22 37697048 37776556 1 37807789 C T -1
0 0 2195 22 41800679 41832164 1 41752463 G A -1
0 0 21962 2 61141592 61144969 -1 61471837 G C -1
0 0 21962 2 61141592 61144969 -1 61537005 C T -1
0 0 2216 22 38685543 38701556 -1 38657377 A G -1
0 0 22534 17 81681187 81683797 -1 81703612 G A -1
0 0 22658 17 46193566 46197842 1 45873754 T C 1
0 0 22658 17 46193566 46197842 1 45873854 T G 1
0 0 22658 17 46193566 46197842 1 45894571 C A 1
0 0 22658 17 46193566 46197842 1 45949124 A C 1
0 0 22658 17 46193566 46197842 1 45949129 A G 1
0 0 22658 17 46193566 46197842 1 46003042 G C 1
0 0 22658 17 46193566 46197842 1 46044551 C T 1
0 0 22658 17 46193566 46197842 1 46101473 T C 1
0 0 22658 17 46193566 46197842 1 46122304 G A 1
0 0 22658 17 46193566 46197842 1 46122649 T C 1
0 0 22658 17 46193566 46197842 1 46122667 T C 1
0 0 22658 17 46193566 46197842 1 46122712 A T 1
0 0 22658 17 46193566 46197842 1 46154566 G A 1
0 0 22658 17 46193566 46197842 1 46193300 G C 1
0 0 22658 17 46193566 46197842 1 46193619 G A 1
0 0 22658 17 46193566 46197842 1 46193786 G A 1
0 0 22658 17 46193566 46197842 1 46194059 T G 1
0 0 22658 17 46193566 46197842 1 46194064 A G 1
0 0 22658 17 46193566 46197842 1 46194146 G C 1
0 0 22658 17 46193566 46197842 1 46225538 T C 1
0 0 22658 17 46193566 46197842 1 46266812 T G 1
0 0 22658 17 46193566 46197842 1 46267043 A C 1
0 0 22658 17 46193566 46197842 1 46277183 C G 1
0 0 22658 17 46193566 46197842 1 46580116 G C 1
0 0 2369 14 70907405 71115382 1 70892868 T C 1
0 0 2373 14 90256527 90275429 1 90235459 A C 1
0 0 2888 8 89757806 89791064 1 89729506 T A -1
0 0 29685 3 128860620 128871540 -1 128879388 A C 1
0 0 3335 7 73536356 73557690 -1 73557398 C A -1
0 0 3350 9 109015135 109119947 -1 108933763 C G 1
0 0 33789 6 32741391 32747198 1 32685486 A G 1
0 0 338 12 31073860 31104799 1 31117216 C A -1
0 0 34148 17 46511508 46556910 1 46044551 C T 1
0 0 34148 17 46511508 46556910 1 46101473 T C 1
0 0 34148 17 46511508 46556910 1 46101518 G A 1
0 0 34148 17 46511508 46556910 1 46122304 G A 1
0 0 34148 17 46511508 46556910 1 46122649 T C 1
0 0 34148 17 46511508 46556910 1 46122667 T C 1
0 0 34148 17 46511508 46556910 1 46192927 G T 1
0 0 34148 17 46511508 46556910 1 46193443 A G 1
0 0 34148 17 46511508 46556910 1 46193786 G A 1
0 0 34148 17 46511508 46556910 1 46194064 A G 1
0 0 34148 17 46511508 46556910 1 46194634 G A 1
0 0 34148 17 46511508 46556910 1 46225000 G C 1
0 0 34148 17 46511508 46556910 1 46225515 C T 1
0 0 34148 17 46511508 46556910 1 46260063 G C 1
0 0 34148 17 46511508 46556910 1 46266731 G C 1
0 0 34148 17 46511508 46556910 1 46266812 T G 1
0 0 34148 17 46511508 46556910 1 46266934 G T 1
0 0 34148 17 46511508 46556910 1 46267010 G A 1
0 0 34148 17 46511508 46556910 1 46267043 A C 1
0 0 34148 17 46511508 46556910 1 46267090 T C 1
0 0 34148 17 46511508 46556910 1 46267444 T G 1
0 0 34148 17 46511508 46556910 1 46267622 C G 1
0 0 34148 17 46511508 46556910 1 46277183 C G 1
0 0 34547 3 136835345 136862618 -1 136819135 A G -1
0 0 34547 3 136835345 136862618 -1 136819538 G T -1
0 0 34547 3 136835345 136862618 -1 136820008 G C -1
0 0 34547 3 136835345 136862618 -1 136820105 C G -1
0 0 34547 3 136835345 136862618 -1 136861682 A C -1
0 0 34547 3 136835345 136862618 -1 136882803 G A -1
0 0 34547 3 136835345 136862618 -1 136885855 T C -1
0 0 3551 17 63819433 63830012 -1 63741862 C A 1
0 0 3551 17 63819433 63830012 -1 63827364 T C 1
0 0 3551 17 63819433 63830012 -1 63827368 G A 1
0 0 3551 17 63819433 63830012 -1 63835032 C T 1
0 0 3551 17 63819433 63830012 -1 63843137 T C 1
0 0 3551 17 63819433 63830012 -1 63843531 C G 1
0 0 35655 22 20707691 20859417 -1 20858368 T C -1
0 0 36201 7 66628881 66649067 1 66591949 A T 1
0 0 36201 7 66628881 66649067 1 66592407 A G 1
0 0 36201 7 66628881 66649067 1 66636323 G C 1
0 0 3678 4 9771153 10054936 -1 10096121 A G 1
0 0 3830 12 122503454 122527000 -1 122412673 C G 1
0 0 3830 12 122503454 122527000 -1 122860363 A C -1
0 0 3883 12 123602077 123620943 1 123602451 C G 1
0 0 4049 6 109690609 109878098 1 109382188 C T -1
0 0 4049 6 109690609 109878098 1 109382524 C A -1
0 0 4049 6 109690609 109878098 1 109383239 T C -1
0 0 4049 6 109690609 109878098 1 109383248 A C -1
0 0 4049 6 109690609 109878098 1 109441033 G A -1
0 0 4049 6 109690609 109878098 1 109482392 G A -1
0 0 4049 6 109690609 109878098 1 109526846 A G -1
0 0 4193 5 65563236 65587549 1 65624050 C G -1
0 0 4206 5 136132845 136188747 1 136133001 T C 1
0 0 43184 12 75483454 75489820 -1 75480296 T C -1
0 0 4380 19 1481428 1490752 -1 1905406 G T 1
0 0 44236 14 73787355 73803300 1 73787509 G A 1
0 0 4504 2 70209444 70248660 -1 70249066 G A 1
0 0 4504 2 70209444 70248660 -1 70257733 G C 1
0 0 4504 2 70209444 70248660 -1 70293714 C T 1
0 0 4504 2 70209444 70248660 -1 70301469 T C 1
0 0 45766 16 2597881 2599718 -1 2663816 A G 1
0 0 45766 16 2597881 2599718 -1 2673241 A G 1
0 0 4705 1 46394317 46413848 1 46340570 G T 1
0 0 4705 1 46394317 46413848 1 46340721 T C 1
0 0 4705 1 46394317 46413848 1 46340757 A T 1
0 0 4705 1 46394317 46413848 1 46340808 C T 1
0 0 4705 1 46394317 46413848 1 46340878 C T 1
0 0 4705 1 46394317 46413848 1 46341031 A G 1
0 0 4705 1 46394317 46413848 1 46348188 C T 1
0 0 4705 1 46394317 46413848 1 46348216 T C 1
0 0 4705 1 46394317 46413848 1 46348295 C T 1
0 0 4705 1 46394317 46413848 1 46348310 G A 1
0 0 4705 1 46394317 46413848 1 46348336 C T 1
0 0 4775 1 161766298 161977574 1 161766683 A G 1
0 0 4810 6 134917393 134950115 -1 135008831 C T -1
0 0 4810 6 134917393 134950115 -1 135014038 G C -1
0 0 4810 6 134917393 134950115 -1 135022361 C G -1
0 0 4810 6 134917393 134950115 -1 135030950 C T -1
0 0 4942 14 73949926 73963670 1 74018430 C T -1
0 0 49661 14 103694560 103695170 1 103562469 G A 1
0 0 4981 10 95659823 95694143 -1 95757007 A G 1
0 0 4994 17 46029916 46225389 -1 45873754 T C -1
0 0 4994 17 46029916 46225389 -1 45894238 C G -1
0 0 4994 17 46029916 46225389 -1 45894419 A G -1
0 0 4994 17 46029916 46225389 -1 45894571 C A -1
0 0 4994 17 46029916 46225389 -1 45894776 G A -1
0 0 4994 17 46029916 46225389 -1 45949112 A G -1
0 0 4994 17 46029916 46225389 -1 45949182 T C 1
0 0 4994 17 46029916 46225389 -1 46002673 T G -1
0 0 4994 17 46029916 46225389 -1 46003042 G C -1
0 0 4994 17 46029916 46225389 -1 46044551 C T -1
0 0 4994 17 46029916 46225389 -1 46101518 G A -1
0 0 4994 17 46029916 46225389 -1 46122304 G A -1
0 0 4994 17 46029916 46225389 -1 46122667 T C -1
0 0 4994 17 46029916 46225389 -1 46122712 A T -1
0 0 4994 17 46029916 46225389 -1 46146125 C G -1
0 0 4994 17 46029916 46225389 -1 46146227 T C -1
0 0 4994 17 46029916 46225389 -1 46192927 G T -1
0 0 4994 17 46029916 46225389 -1 46193130 G A -1
0 0 4994 17 46029916 46225389 -1 46193443 A G -1
0 0 4994 17 46029916 46225389 -1 46194064 A G -1
0 0 4994 17 46029916 46225389 -1 46194634 G A -1
0 0 4994 17 46029916 46225389 -1 46194900 A G -1
0 0 4994 17 46029916 46225389 -1 46225515 C T -1
0 0 4994 17 46029916 46225389 -1 46245447 C T -1
0 0 4994 17 46029916 46225389 -1 46254220 G T -1
0 0 4994 17 46029916 46225389 -1 46259481 T C -1
0 0 4994 17 46029916 46225389 -1 46259577 C T -1
0 0 4994 17 46029916 46225389 -1 46259843 C T -1
0 0 4994 17 46029916 46225389 -1 46260082 A C -1
0 0 4994 17 46029916 46225389 -1 46260311 G A -1
0 0 4994 17 46029916 46225389 -1 46266731 G C -1
0 0 4994 17 46029916 46225389 -1 46266853 C T -1
0 0 4994 17 46029916 46225389 -1 46266856 C G -1
0 0 4994 17 46029916 46225389 -1 46266873 A T -1
0 0 4994 17 46029916 46225389 -1 46266934 G T -1
0 0 4994 17 46029916 46225389 -1 46266951 G A -1
0 0 4994 17 46029916 46225389 -1 46266992 T C -1
0 0 4994 17 46029916 46225389 -1 46267010 G A -1
0 0 4994 17 46029916 46225389 -1 46267019 G A -1
0 0 4994 17 46029916 46225389 -1 46267080 G T -1
0 0 4994 17 46029916 46225389 -1 46267090 T C -1
0 0 4994 17 46029916 46225389 -1 46267095 G T -1
0 0 4994 17 46029916 46225389 -1 46267175 C A -1
0 0 4994 17 46029916 46225389 -1 46267186 C T -1
0 0 4994 17 46029916 46225389 -1 46267230 C A -1
0 0 4994 17 46029916 46225389 -1 46267444 T G -1
0 0 4994 17 46029916 46225389 -1 46267604 T C -1
0 0 4994 17 46029916 46225389 -1 46267622 C G -1
0 0 4994 17 46029916 46225389 -1 46267697 C T -1
0 0 4994 17 46029916 46225389 -1 46277221 A G -1
0 0 4994 17 46029916 46225389 -1 46277324 A G -1
0 0 4994 17 46029916 46225389 -1 46284836 A G -1
0 0 4994 17 46029916 46225389 -1 46284864 C T -1
0 0 4994 17 46029916 46225389 -1 46286932 G C -1
0 0 51412 7 32758882 32759353 1 32728183 G A 1
0 0 51481 7 66902857 66906297 1 66591724 C G -1
0 0 51481 7 66902857 66906297 1 66682070 T C 1
0 0 51481 7 66902857 66906297 1 66682162 A G 1
0 0 5155 19 57630395 57644041 1 57632888 G A 1
0 0 516 2 70295976 70302067 -1 70258610 C G 1
0 0 516 2 70295976 70302067 -1 70258749 G C 1
0 0 516 2 70295976 70302067 -1 70293714 C T 1
0 0 51666 3 136837338 136839021 -1 136819133 G A -1
0 0 51666 3 136837338 136839021 -1 136819135 A G -1
0 0 51666 3 136837338 136839021 -1 136820182 C A -1
0 0 51666 3 136837338 136839021 -1 136861682 A C -1
0 0 51666 3 136837338 136839021 -1 136882720 T A -1
0 0 51666 3 136837338 136839021 -1 136882803 G A -1
0 0 52766 16 89671568 89685304 1 89686623 G C 1
0 0 5278 7 33014130 33062796 -1 33040626 G T -1
0 0 5278 7 33014130 33062796 -1 33050854 C T -1
0 0 5314 10 68477998 68527523 -1 68407247 T C 1
0 0 5532 6 34757505 34773857 1 34792107 G C -1
0 0 5532 6 34757505 34773857 1 34792177 A G -1
0 0 55699 22 42138060 42139726 1 42074604 C G 1
0 0 55699 22 42138060 42139726 1 42079564 A G -1
0 0 55699 22 42138060 42139726 1 42090719 G A -1
0 0 55699 22 42138060 42139726 1 42120618 T C -1
0 0 57324 17 45586452 45588379 -1 45873854 T G 1
0 0 57324 17 45586452 45588379 -1 45894238 C G 1
0 0 57324 17 45586452 45588379 -1 45894419 A G 1
0 0 57324 17 45586452 45588379 -1 45894571 C A 1
0 0 57324 17 45586452 45588379 -1 45894776 G A 1
0 0 57324 17 45586452 45588379 -1 45949112 A G 1
0 0 57324 17 45586452 45588379 -1 45949124 A C 1
0 0 57324 17 45586452 45588379 -1 45949129 A G 1
0 0 57324 17 45586452 45588379 -1 46002673 T G 1
0 0 57324 17 45586452 45588379 -1 46003042 G C 1
0 0 57350 11 108142458 108150381 -1 108222481 A T 1
0 0 57350 11 108142458 108150381 -1 108236282 G A 1
0 0 58679 2 159797288 159798043 -1 159712247 C T -1
0 0 58849 5 42983636 42993340 -1 43007507 T C -1
0 0 58849 5 42983636 42993340 -1 43008608 A G -1
0 0 58849 5 42983636 42993340 -1 43008815 A G -1
0 0 58849 5 42983636 42993340 -1 43018473 A G -1
0 0 58849 5 42983636 42993340 -1 43019918 C T -1
0 0 58849 5 42983636 42993340 -1 43066672 T C -1
0 0 58849 5 42983636 42993340 -1 43074189 T C -1
0 0 5922 16 1984193 1987749 1 2009346 C A 1
0 0 5922 16 1984193 1987749 1 2009996 C T 1
0 0 59301 7 135170816 135172414 1 135148304 C G 1
0 0 59301 7 135170816 135172414 1 135148481 G A 1
0 0 59301 7 135170816 135172414 1 135169863 C T 1
0 0 59301 7 135170816 135172414 1 135170972 T C 1
0 0 6290 20 25673195 25696853 -1 25624228 G T -1
0 0 630 3 47850690 48089272 -1 47789251 A C 1
0 0 630 3 47850690 48089272 -1 48089403 C T 1
0 0 6538 2 86143932 86195472 -1 86185128 C T -1
0 0 6538 2 86143932 86195472 -1 86186327 T C 1
0 0 6538 2 86143932 86195472 -1 86195298 T G -1
0 0 6538 2 86143932 86195472 -1 86195822 G A -1
0 0 6538 2 86143932 86195472 -1 86195896 C T -1
0 0 6538 2 86143932 86195472 -1 86195908 A C -1
0 0 6850 12 48921518 48926474 -1 48924763 G A -1
0 0 6855 2 9583967 9630997 -1 9709256 T A -1
0 0 6855 2 9583967 9630997 -1 9712550 T C -1
0 0 7122 1 231363751 231422287 -1 231388011 G A 1
0 0 7136 1 184790724 184974508 -1 184982130 C G -1
0 0 7147 2 218450251 218568351 -1 218516682 T C -1
0 0 7170 2 97113153 97264521 1 97589830 G A 1
0 0 7170 2 97113153 97264521 1 97590083 G C 1
0 0 7365 9 124862130 124877733 1 124940722 A G -1
0 0 7412 6 43477523 43506556 1 43476941 A C 1
0 0 7412 6 43477523 43506556 1 43477112 G A 1
0 0 7412 6 43477523 43506556 1 43509871 G A 1
0 0 7412 6 43477523 43506556 1 43510672 G C 1
0 0 746 6 149566294 149591748 1 149566308 T C -1
0 0 746 6 149566294 149591748 1 149718157 T C -1
0 0 746 6 149566294 149591748 1 149718225 C G -1
0 0 7613 10 73168119 73244504 1 73077028 C T 1
0 0 7613 10 73168119 73244504 1 73096818 C G 1
0 0 7613 10 73168119 73244504 1 73247517 A C 1
0 0 7613 10 73168119 73244504 1 73247660 C A 1
0 0 7613 10 73168119 73244504 1 73252364 A G 1
0 0 7660 15 50702266 50765948 -1 50765671 C A -1
0 0 7707 4 77713387 77819615 -1 77827888 G A 1
0 0 7707 4 77713387 77819615 -1 77862664 G T -1
0 0 7707 4 77713387 77819615 -1 77863279 T C -1
0 0 7767 12 45919131 45992120 -1 45990248 C T -1
0 0 7833 12 49707725 49764934 1 49763288 T C -1
0 0 7836 12 53180704 53195142 1 53180706 G A 1
0 0 7918 15 40439721 40468236 1 40754826 G A -1
0 0 7918 15 40439721 40468236 1 40755400 G A -1
0 0 8136 17 41825057 41836260 -1 41966584 T C -1
0 0 8510 2 135741734 135785056 1 135530703 C T -1
0 0 8709 5 103120149 103212799 1 103120550 C T -1
0 0 8775 6 49430360 49463253 -1 49463261 T A 1
0 0 8775 6 49430360 49463253 -1 49463856 A G 1
0 0 8947 8 22620418 22669148 -1 22626323 T C 1
0 0 9097 10 109996368 110135565 1 109923176 C G 1
0 0 9097 10 109996368 110135565 1 109956909 G C 1
0 0 9097 10 109996368 110135565 1 110007456 C T 1
0 0 9097 10 109996368 110135565 1 110008393 T C 1
0 0 9169 11 108222823 108369102 1 108222481 A T 1
0 0 9169 11 108222823 108369102 1 108236770 T G 1
0 0 9482 18 45983536 46072272 -1 45687106 G A 1
0 0 9488 2 172555373 172608669 1 172555818 G C -1
0 0 966 1 160541095 160579516 -1 160576919 C A -1
0 0 966 1 160541095 160579516 -1 160578937 C T -1
0 0 9682 17 19020656 19047011 -1 18857796 G A -1
0 0 9682 17 19020656 19047011 -1 18858195 G A -1
0 0 9850 5 56909260 56925532 1 56901251 C T 1
0 0 9905 10 73253762 73358864 -1 73110749 A C -1
0 0 9905 10 73253762 73358864 -1 73167726 A G -1
0 0 9905 10 73253762 73358864 -1 73247046 A G -1
0 0 9905 10 73253762 73358864 -1 73501863 A G -1
1 0 10404 21 42371887 42396091 -1 42403997 A G 1
1 0 1063 17 73334384 73644445 -1 73591438 G A -1
1 0 10816 1 246566444 246668595 1 246577351 C T -1
1 0 11022 3 19879472 19947025 -1 19946945 G C 1
1 0 11332 6 130144315 130365425 -1 130223616 A C 1
1 0 1177 2 127638381 127681786 -1 127642349 T C -1
1 0 11806 11 7513298 7657127 1 7527192 G A 1
1 0 12191 17 78130770 78142968 1 78134494 A T -1
1 0 12229 3 39107680 39138903 1 39107689 A G -1
1 0 1228 17 39904595 39919854 -1 39926578 T C -1
1 0 12319 16 74671855 74700960 -1 74701250 G A 1
1 0 12741 17 7251416 7259940 1 7549066 G A 1
1 0 129 17 50543058 50555852 1 50547162 A C -1
1 0 12990 1 46203334 46221256 1 46198577 A G 1
1 0 13408 3 122577628 122639047 1 122577987 A G 1
1 0 13945 5 147585438 147782775 -1 147782912 G A 1
1 0 14548 11 18704312 18726230 -1 18707103 T C 1
1 0 1463 8 11795573 11839395 1 11820396 A C -1
1 0 14669 12 47079603 47236662 1 47223993 C T -1
1 0 15035 1 109504178 109509738 -1 109509517 A G 1
1 0 15431 21 41361999 41409393 1 41370285 C A -1
1 0 15737 12 94895297 95003748 -1 95003776 T C -1
1 0 15810 15 90229975 90234047 -1 90234035 G A -1
1 0 16599 19 9323772 9351162 1 9324196 C T -1
1 0 1671 4 139665768 139740745 1 139666260 A C -1
1 0 16863 2 28956611 29052230 1 29011101 T C -1
1 0 17202 19 21722771 21767579 -1 21767600 T C -1
1 0 17426 12 56041351 56044697 1 56042145 C G -1
1 0 1908 7 105439661 105522271 -1 105521846 C G 1
1 0 1942 17 44011188 44023946 -1 44014960 A G -1
1 0 19519 1 244969682 245127164 1 244970360 G C -1
1 0 19801 6 31268749 31272130 -1 31272264 C T -1
1 0 19854 6 29722775 29738528 1 29948614 A C 1
1 0 21427 7 38353715 38354517 -1 38358329 A G -1
1 0 21429 7 38367586 38368169 -1 38358963 A G 1
1 0 22447 16 3611728 3680143 1 3626309 T C -1
1 0 2248 22 43166622 43187134 -1 43187592 T C -1
1 0 2475 20 4780023 4823608 -1 4814481 G A 1
1 0 2547 18 3066807 3219968 -1 3247258 A C 1
1 0 2551 18 12991362 13125052 1 12991394 T C -1
1 0 27139 2 161244720 161249095 1 161244750 G A -1
1 0 28230 10 17214239 17230018 -1 17229401 G C 1
1 0 28861 10 80046860 80078912 -1 80078900 A C 1
1 0 29265 7 23100214 23105703 -1 23105676 T G 1
1 0 30283 10 89829483 89840863 1 89860916 C G -1
1 0 32902 2 74919555 74924846 -1 74958729 G T 1
1 0 33384 11 64325050 64340154 -1 64340005 T C 1
1 0 34051 21 33915534 33977703 1 33931656 T C 1
1 0 34698 9 122519141 122520082 1 122406599 C T 1
1 0 3485 19 55385932 55403250 1 55385959 A G -1
1 0 36445 21 34073224 34143034 1 33931656 T C -1
1 0 36813 8 22984596 23019335 -1 23019226 C T -1
1 0 3750 11 94128841 94181968 1 94128854 C T 1
1 0 3775 11 44065925 44084237 1 44066439 G T 1
1 0 38025 5 56313905 56321397 -1 56329186 G A 1
1 0 3915 12 101696947 101744140 1 101697601 C G 1
1 0 40850 8 1971153 1974768 -1 1974214 C T 1
1 0 4180 5 1050384 1112063 -1 1104823 C T -1
1 0 448 20 44942130 44960397 -1 44960400 G A -1
1 0 4638 1 39678648 39691485 -1 39691836 A C 1
1 0 46431 16 3076911 3087112 -1 3086918 T C 1
1 0 48950 19 45641494 45642840 1 45641767 G T -1
1 0 4910 14 72926377 72959703 1 72926683 G A 1
1 0 4915 14 94127779 94130253 -1 94129652 T C -1
1 0 5019 6 150599883 150843665 1 150632806 G A -1
1 0 5065 13 43023203 43114213 1 43023570 C T -1
1 0 51227 18 3245288 3247433 -1 3247258 A C 1
1 0 527 8 2045046 2165552 1 2127188 G T 1
1 0 543 4 177430774 177442437 -1 177442224 G A 1
1 0 5466 20 59123381 59259113 1 59159698 G A -1
1 0 5602 16 56608584 56609497 1 56610738 C A -1
1 0 5659 20 63520765 63522206 1 63521166 C G -1
1 0 5802 17 40058290 40093867 1 40096407 G A 1
1 0 58631 10 1201406 1208389 -1 1240467 C A 1
1 0 5955 7 77193369 77199848 -1 77199636 C T 1
1 0 6124 8 17643795 17801094 -1 17801242 G A 1
1 0 6450 16 1528688 1555580 1 1533633 T C 1
1 0 6828 1 109733932 109741038 -1 109740350 G T 1
1 0 6832 1 109279556 109283186 -1 109282969 C T -1
1 0 6843 1 117001750 117036552 1 117001709 A C -1
1 0 7066 12 49866896 49904217 -1 49904151 C A 1
1 0 7109 16 82147798 82170224 -1 82170181 C G -1
1 0 7299 2 127048027 127107288 -1 127082205 C A 1
1 0 7372 9 7796500 7888380 -1 7799007 C T -1
1 0 7390 9 37422666 37436990 1 37422659 C T 1
1 0 7882 14 64945814 64973226 -1 64972250 G C 1
1 0 8001 16 56989485 57083531 1 57041869 C T 1
1 0 8377 1 151070578 151125542 1 151071113 G A 1
1 0 8522 2 175923882 176002839 -1 176002403 G A 1
1 0 8641 4 958887 986895 -1 973551 C G 1
1 0 8724 5 144158162 144170714 -1 144170653 G T -1
1 0 8814 6 139028745 139043302 1 139029045 G A -1
1 0 8947 8 22620418 22669148 -1 22694660 T C 1
1 0 9072 10 15211643 15371289 -1 15197499 A G -1
1 0 9363 11 44095648 44251962 1 44066439 G T 1
1 0 9515 10 15102584 15168693 -1 15197499 A G -1
1 0 9544 2 33436324 33564750 1 33475871 A C -1
1 0 9818 9 15163622 15307360 -1 15299592 T C 1
1 0 9967 10 69220332 69267552 1 69232960 G A -1
