0 0 10236 16 89720400 89740925 1 89816418 C T 1
0 0 10284 17 48908407 48929056 1 48892303 A T -1
0 0 10284 17 48908407 48929056 1 48908231 A C -1
0 0 10284 17 48908407 48929056 1 48944908 C T -1
0 0 10324 1 151870866 151909637 -1 151909409 A C 1
0 0 10422 21 44012309 44106552 1 44089769 A C -1
0 0 10504 3 46979666 47009704 1 46979634 A G 1
0 0 10926 4 17800655 17810758 -1 18022222 G A -1
0 0 11352 5 150442635 150449739 -1 150758475 C T 1
0 0 11787 10 73110375 73131828 1 73529601 C A -1
0 0 11979 22 41699503 41799456 1 41381237 A G 1
0 0 11979 22 41699503 41799456 1 41381311 G T 1
0 0 11979 22 41699503 41799456 1 41381879 G A 1
0 0 11979 22 41699503 41799456 1 41381909 T C 1
0 0 11979 22 41699503 41799456 1 41621260 A G -1
0 0 1249 11 77514936 77637794 -1 77589696 G T -1
0 0 12618 17 82078338 82098294 -1 82154347 C T 1
0 0 12868 7 32868172 32894131 -1 32891264 T G 1
0 0 12868 7 32868172 32894131 -1 32892294 T G 1
0 0 13102 1 169792529 169794963 -1 169794673 A G -1
0 0 13102 1 169792529 169794963 -1 169795279 C T -1
0 0 13102 1 169792529 169794963 -1 169894240 G T -1
0 0 13139 1 121184811 121392874 1 121184715 A G -1
0 0 13304 19 21358930 21388582 1 21328980 C A -1
0 0 13304 19 21358930 21388582 1 21329475 G T -1
0 0 13304 19 21358930 21388582 1 21358906 A T -1
0 0 13304 19 21358930 21388582 1 21359494 A G -1
0 0 13349 11 71453109 71524107 1 71453000 C G 1
0 0 13596 3 101561868 101566446 1 101441495 T C 1
0 0 13596 3 101561868 101566446 1 101467113 C T 1
0 0 13870 9 95759231 95876049 -1 95876006 A G 1
0 0 14060 8 86468257 86514357 -1 86508665 C A 1
0 0 14249 3 48918821 48986382 1 48919429 G C 1
0 0 14249 3 48918821 48986382 1 49007334 C T 1
0 0 14311 5 43013060 43067452 -1 42993825 C T -1
0 0 14311 5 43013060 43067452 -1 43066672 T C -1
0 0 14474 3 94047836 94063389 -1 94062771 G T 1
0 0 14619 7 66376044 66493566 -1 66740563 C T 1
0 0 14619 7 66376044 66493566 -1 66740949 C G 1
0 0 14758 16 1826967 1840207 1 1826215 G T 1
0 0 14758 16 1826967 1840207 1 1827174 G A 1
0 0 14989 1 227563543 227677443 1 227542655 C G -1
0 0 1557 18 50879080 50954257 1 50879109 C T 1
0 0 15575 17 30906344 30959322 1 30731658 T A 1
0 0 15575 17 30906344 30959322 1 30731845 G A 1
0 0 15575 17 30906344 30959322 1 30809450 G A 1
0 0 15575 17 30906344 30959322 1 30809547 A G 1
0 0 15789 17 43211835 43220041 1 43315909 T C -1
0 0 15789 17 43211835 43220041 1 43368094 C G -1
0 0 1621 11 67583742 67586656 1 67303874 T C -1
0 0 1621 11 67583742 67586656 1 67353059 C G -1
0 0 1621 11 67583742 67586656 1 67391786 G A -1
0 0 16653 17 43170481 43211689 1 43315939 T C -1
0 0 16653 17 43170481 43211689 1 43368094 C G -1
0 0 16909 6 32577902 32589848 -1 32685866 T C 1
0 0 17199 19 21496682 21556270 1 21328980 C A -1
0 0 17199 19 21496682 21556270 1 21329389 C G -1
0 0 17199 19 21496682 21556270 1 21329475 G T -1
0 0 17199 19 21496682 21556270 1 21358906 A T -1
0 0 17520 9 92297358 92325636 -1 92293635 A T 1
0 0 17520 9 92297358 92325636 -1 92293914 T G 1
0 0 1789 20 3249306 3407669 -1 3408365 A C -1
0 0 19854 6 29722775 29738528 1 29723320 A T 1
0 0 19854 6 29722775 29738528 1 29723363 C G 1
0 0 19854 6 29722775 29738528 1 29723967 C G 1
0 0 19855 6 29672483 29681155 -1 29792252 G C -1
0 0 21953 1 232805416 232809929 1 232950710 T C 1
0 0 2214 22 28794555 28800597 -1 28772767 T C 1
0 0 2214 22 28794555 28800597 -1 28811504 T C 1
0 0 22658 17 46193566 46197842 1 45894419 A G 1
0 0 22658 17 46193566 46197842 1 45894571 C A 1
0 0 22658 17 46193566 46197842 1 46193443 A G 1
0 0 22658 17 46193566 46197842 1 46194064 A G 1
0 0 22658 17 46193566 46197842 1 46194634 G A 1
0 0 22658 17 46193566 46197842 1 46225000 G C 1
0 0 2315 14 50108632 50116600 -1 50083170 C T -1
0 0 2349 14 60144119 60169856 -1 60091966 T C -1
0 0 2349 14 60144119 60169856 -1 60091966 T C 1
0 0 2349 14 60144119 60169856 -1 60092342 G T 1
0 0 2349 14 60144119 60169856 -1 60092354 A G 1
0 0 2349 14 60144119 60169856 -1 60165528 G C 1
0 0 2389 14 34981957 35029686 1 34982920 C A -1
0 0 24715 1 93262186 93346025 -1 93181063 C T 1
0 0 26743 7 66654513 66685692 1 66682123 C A 1
0 0 26743 7 66654513 66685692 1 66682191 C T 1
0 0 26928 1 121396754 121463508 1 121184715 A G 1
0 0 27106 13 79406293 79427317 1 79393874 T C 1
0 0 27106 13 79406293 79427317 1 79393998 G A -1
0 0 27106 13 79406293 79427317 1 79406330 C G -1
0 0 27960 17 46274784 46361766 -1 45894419 A G 1
0 0 27960 17 46274784 46361766 -1 45894571 C A -1
0 0 27960 17 46274784 46361766 -1 45894571 C A 1
0 0 27960 17 46274784 46361766 -1 45894776 G A -1
0 0 27960 17 46274784 46361766 -1 45894776 G A 1
0 0 27960 17 46274784 46361766 -1 46002201 C T 1
0 0 27960 17 46274784 46361766 -1 46002355 A G 1
0 0 27960 17 46274784 46361766 -1 46002673 T G -1
0 0 27960 17 46274784 46361766 -1 46002673 T G 1
0 0 27960 17 46274784 46361766 -1 46192927 G T 1
0 0 27960 17 46274784 46361766 -1 46193130 G A 1
0 0 27960 17 46274784 46361766 -1 46193465 C A 1
0 0 27960 17 46274784 46361766 -1 46193558 C T 1
0 0 27960 17 46274784 46361766 -1 46193619 G A 1
0 0 27960 17 46274784 46361766 -1 46193786 G A -1
0 0 27960 17 46274784 46361766 -1 46193786 G A 1
0 0 27960 17 46274784 46361766 -1 46194029 G T 1
0 0 27960 17 46274784 46361766 -1 46194059 T G 1
0 0 27960 17 46274784 46361766 -1 46194064 A G -1
0 0 27960 17 46274784 46361766 -1 46194064 A G 1
0 0 27960 17 46274784 46361766 -1 46194146 G C 1
0 0 27960 17 46274784 46361766 -1 46194634 G A -1
0 0 27960 17 46274784 46361766 -1 46194634 G A 1
0 0 27960 17 46274784 46361766 -1 46225000 G C 1
0 0 27960 17 46274784 46361766 -1 46225515 C T 1
0 0 27960 17 46274784 46361766 -1 46260063 G C -1
0 0 27960 17 46274784 46361766 -1 46260063 G C 1
0 0 27960 17 46274784 46361766 -1 46260082 A C 1
0 0 27960 17 46274784 46361766 -1 46260311 G A 1
0 0 27960 17 46274784 46361766 -1 46266731 G C -1
0 0 27960 17 46274784 46361766 -1 46266731 G C 1
0 0 27960 17 46274784 46361766 -1 46266812 T G 1
0 0 27960 17 46274784 46361766 -1 46266853 C T 1
0 0 27960 17 46274784 46361766 -1 46266873 A T 1
0 0 27960 17 46274784 46361766 -1 46266934 G T 1
0 0 27960 17 46274784 46361766 -1 46267002 C T 1
0 0 27960 17 46274784 46361766 -1 46267043 A C 1
0 0 27960 17 46274784 46361766 -1 46267090 T C -1
0 0 27960 17 46274784 46361766 -1 46267165 G A 1
0 0 27960 17 46274784 46361766 -1 46267175 C A 1
0 0 27960 17 46274784 46361766 -1 46267186 C T 1
0 0 27960 17 46274784 46361766 -1 46267229 G T 1
0 0 27960 17 46274784 46361766 -1 46267230 C A 1
0 0 27960 17 46274784 46361766 -1 46267444 T G -1
0 0 27960 17 46274784 46361766 -1 46267444 T G 1
0 0 27960 17 46274784 46361766 -1 46580116 G C 1
0 0 2908 8 108162787 108443496 -1 108248547 A G 1
0 0 2908 8 108162787 108443496 -1 108266460 G A 1
0 0 30051 12 10824960 11171608 -1 11171340 G C -1
0 0 30051 12 10824960 11171608 -1 11171577 C A -1
0 0 30741 2 95807052 95835003 -1 95992840 A G 1
0 0 34148 17 46511508 46556910 1 46192927 G T 1
0 0 34148 17 46511508 46556910 1 46193443 A G 1
0 0 34148 17 46511508 46556910 1 46193786 G A 1
0 0 34148 17 46511508 46556910 1 46194634 G A 1
0 0 34148 17 46511508 46556910 1 46225000 G C 1
0 0 34148 17 46511508 46556910 1 46225515 C T 1
0 0 34148 17 46511508 46556910 1 46260063 G C 1
0 0 34148 17 46511508 46556910 1 46266812 T G 1
0 0 34148 17 46511508 46556910 1 46267090 T C 1
0 0 34148 17 46511508 46556910 1 46267444 T G 1
0 0 3551 17 63819433 63830012 -1 63774125 C A 1
0 0 3551 17 63819433 63830012 -1 63774391 T G 1
0 0 3651 4 102630770 102760994 -1 102502336 G T -1
0 0 3651 4 102630770 102760994 -1 102518936 C G -1
0 0 3678 4 9771153 10054936 -1 10117114 G T 1
0 0 36915 8 70608577 70663279 1 70669324 G T -1
0 0 38115 3 130111669 130201336 1 130111582 A G -1
0 0 3830 12 122503454 122527000 -1 122266139 C G -1
0 0 3961 6 87322583 87399749 1 87152046 T C 1
0 0 3961 6 87322583 87399749 1 87152067 G T 1
0 0 3961 6 87322583 87399749 1 87246568 A G 1
0 0 41411 11 77829654 77872262 -1 77589598 C A -1
0 0 43603 12 89561129 89594878 1 89525791 C T 1
0 0 44236 14 73787355 73803300 1 73950242 G C 1
0 0 4503 2 70149885 70248615 -1 70190598 A G -1
0 0 4503 2 70149885 70248615 -1 70190907 T G -1
0 0 4503 2 70149885 70248615 -1 70248695 T G -1
0 0 4503 2 70149885 70248615 -1 70293714 C T -1
0 0 4614 1 74705482 74733408 -1 74733530 G A -1
0 0 4614 1 74705482 74733408 -1 74733595 G A -1
0 0 4614 1 74705482 74733408 -1 74733931 T C -1
0 0 4705 1 46394317 46413848 1 46340570 G T 1
0 0 4705 1 46394317 46413848 1 46340757 A T 1
0 0 4705 1 46394317 46413848 1 46340808 C T 1
0 0 4705 1 46394317 46413848 1 46340878 C T 1
0 0 4705 1 46394317 46413848 1 46348216 T C 1
0 0 4705 1 46394317 46413848 1 46348295 C T 1
0 0 4705 1 46394317 46413848 1 46348336 C T 1
0 0 4994 17 46029916 46225389 -1 45894419 A G -1
0 0 4994 17 46029916 46225389 -1 46002201 C T -1
0 0 4994 17 46029916 46225389 -1 46002673 T G -1
0 0 4994 17 46029916 46225389 -1 46193786 G A -1
0 0 4994 17 46029916 46225389 -1 46194064 A G -1
0 0 4994 17 46029916 46225389 -1 46194634 G A -1
0 0 4994 17 46029916 46225389 -1 46225000 G C -1
0 0 4994 17 46029916 46225389 -1 46225515 C T -1
0 0 50773 5 56927874 56929573 1 56815165 G T 1
0 0 51034 8 33360839 33361415 -1 33484926 C G -1
0 0 51034 8 33360839 33361415 -1 33513632 A G -1
0 0 51034 8 33360839 33361415 -1 33513778 T C -1
0 0 51034 8 33360839 33361415 -1 33513838 T G -1
0 0 51034 8 33360839 33361415 -1 33513961 G C -1
0 0 51412 7 32758882 32759353 1 32728183 G A 1
0 0 51481 7 66902857 66906297 1 66654674 G A -1
0 0 51481 7 66902857 66906297 1 66682070 T C 1
0 0 51481 7 66902857 66906297 1 66682162 A G 1
0 0 516 2 70295976 70302067 -1 70190907 T G 1
0 0 516 2 70295976 70302067 -1 70258188 C T 1
0 0 516 2 70295976 70302067 -1 70258449 G C 1
0 0 516 2 70295976 70302067 -1 70258749 G C 1
0 0 516 2 70295976 70302067 -1 70293714 C T 1
0 0 51666 3 136837338 136839021 -1 136819135 A G -1
0 0 51666 3 136837338 136839021 -1 136820182 C A -1
0 0 51666 3 136837338 136839021 -1 136861682 A C -1
0 0 51666 3 136837338 136839021 -1 136882720 T A -1
0 0 51666 3 136837338 136839021 -1 136882803 G A -1
0 0 52185 17 68131462 68131907 1 68019980 C T -1
0 0 52185 17 68131462 68131907 1 68035405 G C -1
0 0 52185 17 68131462 68131907 1 68035609 A G 1
0 0 52185 17 68131462 68131907 1 68036141 T C -1
0 0 52185 17 68131462 68131907 1 68036182 G A -1
0 0 5546 6 27374615 27403908 1 27389123 A G 1
0 0 55589 3 40061110 40309698 -1 40453199 T C -1
0 0 55699 22 42138060 42139726 1 42070976 A T 1
0 0 5609 13 100603625 100675093 -1 100674991 C G 1
0 0 564 5 169583636 169604778 1 169583791 C T -1
0 0 564 5 169583636 169604778 1 169584065 C T -1
0 0 5666 2 112541915 112579818 1 112646085 T C -1
0 0 571 2 98444854 98594392 1 98445371 T C 1
0 0 57324 17 45586452 45588379 -1 45601766 A G 1
0 0 5900 7 150323263 150338156 1 150323292 G A 1
0 0 5900 7 150323263 150338156 1 150323333 A T 1
0 0 5900 7 150323263 150338156 1 150323368 C T 1
0 0 59891 7 44043567 44045188 -1 44044611 A G -1
0 0 6761 5 146110566 146182696 -1 146182580 G A 1
0 0 6768 11 9664077 9752993 1 9703290 C T 1
0 0 7166 2 108449107 108509415 1 108534717 T G 1
0 0 7316 9 129827290 129835863 -1 129835495 T C -1
0 0 7458 11 83259081 83286390 -1 83285943 A C -1
0 0 746 6 149566294 149591748 1 149718012 G A -1
0 0 746 6 149566294 149591748 1 149718157 T C -1
0 0 746 6 149566294 149591748 1 149718225 C G -1
0 0 746 6 149566294 149591748 1 149718360 T C -1
0 0 746 6 149566294 149591748 1 149749393 C G -1
0 0 7472 8 55773446 55826445 1 55772810 T C 1
0 0 7472 8 55773446 55826445 1 55773665 T C 1
0 0 7562 2 27086772 27100762 1 27086791 A C -1
0 0 7613 10 73168119 73244504 1 73252364 A G 1
0 0 7707 4 77713387 77819615 -1 77853436 C T -1
0 0 7707 4 77713387 77819615 -1 77862664 G T -1
0 0 7707 4 77713387 77819615 -1 77863279 T C -1
0 0 7852 13 79311824 79406477 -1 79406330 C G -1
0 0 8050 17 73232233 73248959 1 73232798 C T 1
0 0 8613 3 150546678 150586016 1 150546349 G A 1
0 0 8709 5 103120149 103212799 1 103120550 C T -1
0 0 8710 5 102753981 103029730 1 102755592 C G 1
0 0 9050 9 128068201 128109245 1 128094433 T C 1
0 0 9168 11 108157215 108222638 -1 108222481 A T 1
1 0 10298 21 36320189 36386148 1 36298399 C A 1
1 0 10542 8 144789765 144792587 -1 144792397 C T -1
1 0 1063 17 73334384 73644445 -1 73591438 G A -1
1 0 1155 2 12716910 12742734 1 12717952 G A 1
1 0 12229 3 39107680 39138903 1 39107689 A G -1
1 0 12255 16 3188204 3224779 1 3215428 G C -1
1 0 1228 17 39904595 39919854 -1 39926578 T C -1
1 0 12874 8 124550784 124728473 -1 124564869 C T -1
1 0 13167 17 39921041 39927601 -1 39926578 T C -1
1 0 13827 11 7970251 8001862 1 7987387 C T 1
1 0 14055 8 1973677 2006936 1 1974370 G A -1
1 0 1463 8 11795573 11839395 1 11820396 A C -1
1 0 15314 19 52860851 52897693 -1 52897507 C A -1
1 0 1655 1 108134043 108200849 -1 108200437 G C 1
1 0 16961 19 21397119 21427577 1 21569207 A G -1
1 0 1712 19 48813018 48836510 -1 48835841 T C -1
1 0 17426 12 56041351 56044697 1 56042145 C G -1
1 0 19 12 911736 990053 -1 949572 C G -1
1 0 19801 6 31268749 31272130 -1 31272264 C T -1
1 0 19801 6 31268749 31272130 -1 31272351 C T -1
1 0 19947 19 43967862 43998326 1 43984200 G A -1
1 0 2070 1 85156889 85201724 -1 85200473 T G 1
1 0 21427 7 38353715 38354517 -1 38359180 G T -1
1 0 21428 7 38358512 38359162 -1 38359180 G T -1
1 0 2547 18 3066807 3219968 -1 3247258 A C 1
1 0 28230 10 17214239 17230018 -1 17229401 G C 1
1 0 29265 7 23100214 23105703 -1 23105676 T G 1
1 0 32902 2 74919555 74924846 -1 74958729 G T 1
1 0 3354 9 98120975 98192637 -1 98192147 G A 1
1 0 34051 21 33915534 33977703 1 33931656 T C 1
1 0 3446 10 101031234 101041241 1 101032154 C A 1
1 0 3485 19 55385932 55403250 1 55385959 A G -1
1 0 3571 17 42101404 42112714 -1 42112643 C G -1
1 0 3750 11 94128841 94181968 1 94128854 C T 1
1 0 3775 11 44065925 44084237 1 44066439 G T 1
1 0 38025 5 56313905 56321397 -1 56329186 G A 1
1 0 4826 6 108848416 108974476 1 108848242 G A -1
1 0 48950 19 45641494 45642840 1 45641767 G T -1
1 0 4910 14 72926377 72959703 1 72926683 G A 1
1 0 51227 18 3245288 3247433 -1 3247258 A C 1
1 0 5216 13 27424619 27435823 1 27424632 T C 1
1 0 5350 5 65517766 65563168 -1 65562860 G C -1
1 0 543 4 177430774 177442437 -1 177442224 G A 1
1 0 5612 13 95019835 95301475 -1 95185792 G T -1
1 0 5802 17 40058290 40093867 1 40096407 G A 1
1 0 6236 6 106629578 106668417 1 106629627 G A -1
1 0 6828 1 109733932 109741038 -1 109740350 G T 1
1 0 7299 2 127048027 127107288 -1 127081898 G A 1
1 0 7324 9 127907886 127917041 -1 127906678 A G -1
1 0 7390 9 37422666 37436990 1 37422659 C T 1
1 0 7882 14 64945814 64973226 -1 64972250 G C 1
1 0 8666 4 112272968 112285955 -1 112309384 G A 1
1 0 8718 5 119268692 119399688 1 119340834 T C -1
1 0 9363 11 44095648 44251962 1 44066439 G T 1
1 0 9544 2 33436324 33564750 1 33475871 A C -1
1 0 9818 9 15163622 15307360 -1 15299592 T C 1
