0 0 1010 3 49359139 49412998 -1 49199006 T G -1
0 0 1010 3 49359139 49412998 -1 49249185 T G -1
0 0 1010 3 49359139 49412998 -1 49429438 A G 1
0 0 10143 1 26281328 26318363 -1 26276034 C T -1
0 0 10143 1 26281328 26318363 -1 26279683 A C -1
0 0 10143 1 26281328 26318363 -1 26321890 C T -1
0 0 10286 17 48929316 48944842 -1 48908231 A C -1
0 0 10324 1 151870866 151909637 -1 151934597 T G 1
0 0 10422 21 44012309 44106552 1 44006248 C T -1
0 0 10422 21 44012309 44106552 1 44021661 C T -1
0 0 10478 11 117204337 117232525 -1 117220893 G C -1
0 0 10504 3 46979666 47009704 1 46987936 G A 1
0 0 10504 3 46979666 47009704 1 47023223 A C 1
0 0 10526 8 144428775 144444440 -1 144428850 T C 1
0 0 10774 1 183620846 183635783 -1 183609988 C G -1
0 0 10774 1 183620846 183635783 -1 183735265 T G 1
0 0 10904 2 127257290 127294166 -1 127416651 T C -1
0 0 10939 4 83455932 83469735 1 83536848 A G 1
0 0 11105 3 44737661 44761619 -1 44762231 C T -1
0 0 11141 3 129429607 129520510 1 129469180 T G 1
0 0 11141 3 129429607 129520510 1 129469832 C T 1
0 0 11148 3 53156009 53192717 1 53194326 C T -1
0 0 11182 3 48157146 48188417 -1 48301392 C T 1
0 0 11184 3 48241100 48299253 1 48241004 T C 1
0 0 11235 4 152779937 152918463 1 152944383 T C 1
0 0 11241 4 146175703 146200000 1 146175842 G A -1
0 0 11241 4 146175703 146200000 1 146175955 A G -1
0 0 11297 5 73552190 73565667 -1 73565634 G A -1
0 0 11297 5 73552190 73565667 -1 73728172 A G -1
0 0 11297 5 73552190 73565667 -1 73729056 G A -1
0 0 11442 5 126531200 126595362 -1 126595330 T G 1
0 0 11787 10 73110375 73131828 1 73111096 A C -1
0 0 11787 10 73110375 73131828 1 73247517 A C -1
0 0 11787 10 73110375 73131828 1 73252184 G C -1
0 0 1181 17 19648136 19685760 1 19649163 C T -1
0 0 1181 17 19648136 19685760 1 19717311 A T -1
0 0 12002 9 128818500 128822676 1 128818032 T C 1
0 0 12088 12 49188736 49274600 1 49131597 A G 1
0 0 12127 19 4444999 4457794 -1 4455865 A G -1
0 0 12286 3 52534013 52579237 1 52706166 C G -1
0 0 12311 2 241315100 241354027 1 241363396 A G 1
0 0 12376 19 34926903 34945170 1 34927278 G A 1
0 0 12376 19 34926903 34945170 1 34927289 C T 1
0 0 12398 12 123671110 123708399 1 123633701 C G -1
0 0 12398 12 123671110 123708399 1 123712552 C T 1
0 0 12565 1 26317958 26320523 1 26224986 G C -1
0 0 12565 1 26317958 26320523 1 26279683 A C -1
0 0 12630 2 108533671 108687246 1 108553964 A G -1
0 0 12630 2 108533671 108687246 1 108584980 G C -1
0 0 1283 15 66336191 66386746 -1 66387481 G C 1
0 0 1283 15 66336191 66386746 -1 66472430 C T 1
0 0 1283 15 66336191 66386746 -1 66498261 T C 1
0 0 1283 15 66336191 66386746 -1 66498518 A G 1
0 0 12932 2 28849821 28870309 -1 28821422 T C -1
0 0 12932 2 28849821 28870309 -1 28870829 C G 1
0 0 13102 1 169792529 169794963 -1 169894240 G T -1
0 0 13102 1 169792529 169794963 -1 170074248 T C -1
0 0 13102 1 169792529 169794963 -1 170075022 A G -1
0 0 13134 17 18781111 18806714 1 18781174 A G -1
0 0 13134 17 18781111 18806714 1 18781329 G T -1
0 0 13304 19 21358930 21388582 1 21358540 G A -1
0 0 13304 19 21358930 21388582 1 21397210 T G -1
0 0 13310 8 33370824 33473146 -1 33484500 T G -1
0 0 13349 11 71453109 71524107 1 71433422 G A -1
0 0 13349 11 71453109 71524107 1 71488608 C T -1
0 0 13349 11 71453109 71524107 1 71488712 C T -1
0 0 13594 11 66520637 66546235 -1 66510139 G C 1
0 0 13678 19 9412429 9435573 -1 9406861 C G 1
0 0 13770 11 66070272 66244744 1 66126953 G C -1
0 0 13778 9 133233278 133276024 -1 133252872 G A -1
0 0 13778 9 133233278 133276024 -1 133257570 C T -1
0 0 13828 10 37949573 37976647 -1 37857331 C A 1
0 0 13828 10 37949573 37976647 -1 37857628 T C 1
0 0 13872 11 67428460 67435401 1 67366129 G A 1
0 0 13872 11 67428460 67435401 1 67444098 T C 1
0 0 13876 17 17843511 17972422 -1 17812003 C G 1
0 0 13876 17 17843511 17972422 -1 17901411 C T 1
0 0 14060 8 86468257 86514357 -1 86320323 C G 1
0 0 14060 8 86468257 86514357 -1 86508983 C T 1
0 0 14060 8 86468257 86514357 -1 86522641 T A -1
0 0 14068 17 46292733 46338077 1 45894571 C A 1
0 0 14068 17 46292733 46338077 1 45894776 G A 1
0 0 14068 17 46292733 46338077 1 45949028 A G 1
0 0 14068 17 46292733 46338077 1 45949112 A G 1
0 0 14068 17 46292733 46338077 1 46002201 C T 1
0 0 14068 17 46292733 46338077 1 46002355 A G 1
0 0 14068 17 46292733 46338077 1 46031822 C G 1
0 0 14068 17 46292733 46338077 1 46038364 G A 1
0 0 14068 17 46292733 46338077 1 46038872 G A 1
0 0 14068 17 46292733 46338077 1 46038946 T C 1
0 0 14068 17 46292733 46338077 1 46044103 C T 1
0 0 14068 17 46292733 46338077 1 46100971 T C 1
0 0 14068 17 46292733 46338077 1 46101473 T C 1
0 0 14068 17 46292733 46338077 1 46102383 G A 1
0 0 14068 17 46292733 46338077 1 46115557 A G 1
0 0 14068 17 46292733 46338077 1 46115580 C T 1
0 0 14068 17 46292733 46338077 1 46115591 T C 1
0 0 14068 17 46292733 46338077 1 46115731 C A 1
0 0 14068 17 46292733 46338077 1 46118649 C G 1
0 0 14068 17 46292733 46338077 1 46127373 T C 1
0 0 14068 17 46292733 46338077 1 46137449 C G 1
0 0 14068 17 46292733 46338077 1 46138457 A G 1
0 0 14068 17 46292733 46338077 1 46158527 C T 1
0 0 14068 17 46292733 46338077 1 46159359 C A 1
0 0 14068 17 46292733 46338077 1 46194064 A G 1
0 0 14068 17 46292733 46338077 1 46207275 T G 1
0 0 14068 17 46292733 46338077 1 46207368 G C 1
0 0 14068 17 46292733 46338077 1 46208165 G A 1
0 0 14068 17 46292733 46338077 1 46212262 A C 1
0 0 14068 17 46292733 46338077 1 46213393 T C 1
0 0 14068 17 46292733 46338077 1 46213544 A G 1
0 0 14068 17 46292733 46338077 1 46226302 G T 1
0 0 14068 17 46292733 46338077 1 46239737 T C 1
0 0 14068 17 46292733 46338077 1 46260913 G C 1
0 0 14068 17 46292733 46338077 1 46261137 C A 1
0 0 14068 17 46292733 46338077 1 46261168 C T 1
0 0 14068 17 46292733 46338077 1 46261170 T C 1
0 0 14068 17 46292733 46338077 1 46267043 A C 1
0 0 14068 17 46292733 46338077 1 46279427 A G 1
0 0 14280 1 155234452 155244699 -1 155194689 A C -1
0 0 14280 1 155234452 155244699 -1 155208991 T A 1
0 0 14522 16 28842411 28846348 -1 28615683 T C -1
0 0 14607 6 32659467 32668383 -1 32665354 C G -1
0 0 14955 17 7484366 7514616 1 7476298 T A 1
0 0 14960 11 120325296 120333686 1 120325724 C G 1
0 0 14960 11 120325296 120333686 1 120391082 C T 1
0 0 15171 21 46286342 46297751 1 46393100 G A -1
0 0 15189 19 38730187 38769904 -1 38665841 C T 1
0 0 15189 19 38730187 38769904 -1 38691925 C T 1
0 0 15199 15 90883695 90895776 1 90402527 G A -1
0 0 15239 21 37073226 37203112 1 37153056 T C -1
0 0 15239 21 37073226 37203112 1 37153352 T G -1
0 0 15239 21 37073226 37203112 1 37207613 G A -1
0 0 15304 6 26538366 26546933 1 26568513 C T 1
0 0 15361 22 42079691 42084284 1 42070505 C G 1
0 0 15403 10 61662929 61766766 1 61663118 A G 1
0 0 15583 16 28688558 28735727 1 28554837 G T -1
0 0 15714 17 77280569 77500596 1 77489393 A G 1
0 0 15714 17 77280569 77500596 1 77489819 C T 1
0 0 15736 11 63624087 63671921 -1 63671500 G A 1
0 0 15996 21 37062846 37073170 -1 37153352 T G 1
0 0 15996 21 37062846 37073170 -1 37207613 G A 1
0 0 15996 21 37062846 37073170 -1 37207850 C G 1
0 0 16262 2 84821650 84907008 -1 84898402 A G 1
0 0 16265 21 45263928 45287898 -1 45302255 G A -1
0 0 1657 7 100367530 100400096 1 100478991 A G 1
0 0 16594 9 92325953 92620529 1 92325922 A G 1
0 0 16594 9 92325953 92620529 1 92350278 G A 1
0 0 16594 9 92325953 92620529 1 92411532 G C 1
0 0 16594 9 92325953 92620529 1 92432947 C T 1
0 0 16594 9 92325953 92620529 1 92433176 G T 1
0 0 16594 9 92325953 92620529 1 92439258 T A 1
0 0 16594 9 92325953 92620529 1 92439750 G A 1
0 0 1677 1 45786987 46036122 1 45914565 G A 1
0 0 1677 1 45786987 46036122 1 45954549 G A 1
0 0 16906 16 30757423 30762221 -1 30775606 C T -1
0 0 16909 6 32577902 32589848 -1 32393178 G A 1
0 0 16909 6 32577902 32589848 -1 32393226 C T 1
0 0 16909 6 32577902 32589848 -1 32393631 C T 1
0 0 16909 6 32577902 32589848 -1 32393900 G A 1
0 0 16909 6 32577902 32589848 -1 32393975 C T 1
0 0 16909 6 32577902 32589848 -1 32394064 T C 1
0 0 16909 6 32577902 32589848 -1 32394065 G A 1
0 0 16909 6 32577902 32589848 -1 32394351 G A 1
0 0 16909 6 32577902 32589848 -1 32394440 A G -1
0 0 16909 6 32577902 32589848 -1 32394656 C A -1
0 0 16909 6 32577902 32589848 -1 32394676 A G -1
0 0 16909 6 32577902 32589848 -1 32584685 C T 1
0 0 16909 6 32577902 32589848 -1 32604087 T G 1
0 0 16909 6 32577902 32589848 -1 32604501 C A 1
0 0 16909 6 32577902 32589848 -1 32609829 G T 1
0 0 16909 6 32577902 32589848 -1 32610421 T C 1
0 0 16909 6 32577902 32589848 -1 32610649 A G 1
0 0 16909 6 32577902 32589848 -1 32627265 G T 1
0 0 16909 6 32577902 32589848 -1 32627859 T G 1
0 0 16909 6 32577902 32589848 -1 32668486 T A 1
0 0 16909 6 32577902 32589848 -1 32668615 T A 1
0 0 16913 10 5035354 5107686 1 4942172 G A 1
0 0 16985 1 207321519 207386804 1 207322082 G T 1
0 0 17028 23 101418287 101533459 1 101407915 C T -1
0 0 17111 16 69976297 70065948 -1 70066650 C T -1
0 0 17121 6 32628179 32647062 1 32666737 A G -1
0 0 17121 6 32628179 32647062 1 32668261 A T -1
0 0 17169 2 97492663 97589877 -1 97589830 G A -1
0 0 17169 2 97492663 97589877 -1 97590790 G A -1
0 0 17199 19 21496682 21556270 1 21329475 G T -1
0 0 17199 19 21496682 21556270 1 21463480 A C 1
0 0 17199 19 21496682 21556270 1 21569087 G A -1
0 0 17252 13 52033611 52129092 -1 52128824 C G -1
0 0 17252 13 52033611 52129092 -1 52600285 T G -1
0 0 17252 13 52033611 52129092 -1 52616988 A C -1
0 0 17373 18 61905255 62187118 -1 62037119 T C -1
0 0 17373 18 61905255 62187118 -1 62187285 G T -1
0 0 17533 7 64870172 64930981 1 64889370 G T -1
0 0 17533 7 64870172 64930981 1 64889409 A G -1
0 0 17533 7 64870172 64930981 1 64902920 G A -1
0 0 17533 7 64870172 64930981 1 64902921 C A -1
0 0 17533 7 64870172 64930981 1 64904003 C A -1
0 0 17586 20 46499630 46513559 -1 46513194 T C 1
0 0 17586 20 46499630 46513559 -1 46513652 C G 1
0 0 17586 20 46499630 46513559 -1 46513980 A T 1
0 0 17655 19 36916316 37005037 1 36972776 A T 1
0 0 17655 19 36916316 37005037 1 36973473 G A 1
0 0 17655 19 36916316 37005037 1 36973778 A G 1
0 0 17671 6 32517353 32530287 -1 32603994 G A -1
0 0 17671 6 32517353 32530287 -1 32604000 G A -1
0 0 17671 6 32517353 32530287 -1 32604012 C A -1
0 0 17671 6 32517353 32530287 -1 32604043 T C -1
0 0 17671 6 32517353 32530287 -1 32604068 C T -1
0 0 17671 6 32517353 32530287 -1 32604126 T C -1
0 0 17671 6 32517353 32530287 -1 32604222 A T -1
0 0 17671 6 32517353 32530287 -1 32604299 G A -1
0 0 17671 6 32517353 32530287 -1 32604447 A G -1
0 0 17671 6 32517353 32530287 -1 32604452 A G -1
0 0 17671 6 32517353 32530287 -1 32604513 G A -1
0 0 17671 6 32517353 32530287 -1 32604545 C T -1
0 0 17671 6 32517353 32530287 -1 32604611 T C -1
0 0 17671 6 32517353 32530287 -1 32604656 A G -1
0 0 17671 6 32517353 32530287 -1 32604658 C A -1
0 0 17671 6 32517353 32530287 -1 32604770 A T -1
0 0 17671 6 32517353 32530287 -1 32604882 C G -1
0 0 17671 6 32517353 32530287 -1 32605029 G A -1
0 0 17671 6 32517353 32530287 -1 32605073 A G -1
0 0 17671 6 32517353 32530287 -1 32609938 G T -1
0 0 17671 6 32517353 32530287 -1 32610077 G A -1
0 0 17671 6 32517353 32530287 -1 32610419 G A -1
0 0 17671 6 32517353 32530287 -1 32622659 C T 1
0 0 17671 6 32517353 32530287 -1 32622686 G A 1
0 0 17671 6 32517353 32530287 -1 32622825 T C 1
0 0 17671 6 32517353 32530287 -1 32622997 T C 1
0 0 17671 6 32517353 32530287 -1 32623093 T C 1
0 0 17671 6 32517353 32530287 -1 32627340 C T 1
0 0 1833 19 34677639 34686397 1 34667943 C T -1
0 0 1833 19 34677639 34686397 1 34677640 A G -1
0 0 19801 6 31268749 31272130 -1 31272654 G T 1
0 0 19807 6 31137534 31139066 -1 31115133 C G 1
0 0 19807 6 31137534 31139066 -1 31117423 A G 1
0 0 19855 6 29672483 29681155 -1 29706105 T C 1
0 0 19889 9 70033921 70175888 -1 70126382 G A 1
0 0 19889 9 70033921 70175888 -1 70127496 A G 1
0 0 19889 9 70033921 70175888 -1 70152080 T C 1
0 0 19889 9 70033921 70175888 -1 70216892 A T 1
0 0 19889 9 70033921 70175888 -1 70228742 T C 1
0 0 19889 9 70033921 70175888 -1 70229018 T C 1
0 0 1994 3 37052626 37183689 -1 37177097 T G -1
0 0 2019 9 129094142 129111189 -1 129139005 G A -1
0 0 20190 13 23888842 23897263 1 23889728 T C -1
0 0 20276 6 31197760 31203968 1 31187120 G A 1
0 0 20276 6 31197760 31203968 1 31196803 G A 1
0 0 20276 6 31197760 31203968 1 31196818 G A 1
0 0 20276 6 31197760 31203968 1 31197017 T C 1
0 0 20276 6 31197760 31203968 1 31204099 C T 1
0 0 20276 6 31197760 31203968 1 31204267 T C 1
0 0 20276 6 31197760 31203968 1 31204448 G A 1
0 0 20285 6 29941260 29949572 1 29705829 C T 1
0 0 20285 6 29941260 29949572 1 29847917 C T 1
0 0 20285 6 29941260 29949572 1 29848264 G A 1
0 0 20285 6 29941260 29949572 1 29887956 C T 1
0 0 20285 6 29941260 29949572 1 29888422 A G 1
0 0 20285 6 29941260 29949572 1 29925735 T C 1
0 0 20285 6 29941260 29949572 1 29925809 T C 1
0 0 20285 6 29941260 29949572 1 29926473 T A 1
0 0 20285 6 29941260 29949572 1 29926555 T A 1
0 0 20285 6 29941260 29949572 1 29926557 G A 1
0 0 20285 6 29941260 29949572 1 29926746 G A 1
0 0 20285 6 29941260 29949572 1 29926790 G A 1
0 0 20285 6 29941260 29949572 1 29927774 T C 1
0 0 20285 6 29941260 29949572 1 29957942 A G -1
0 0 20285 6 29941260 29949572 1 29958131 G A -1
0 0 20285 6 29941260 29949572 1 29958305 C T -1
0 0 20285 6 29941260 29949572 1 29958518 G C -1
0 0 20285 6 29941260 29949572 1 29959055 A C -1
0 0 20285 6 29941260 29949572 1 29959237 A C 1
0 0 20285 6 29941260 29949572 1 29967114 A G 1
0 0 20285 6 29941260 29949572 1 30013650 C T -1
0 0 2083 10 50067888 50133509 1 50068079 T C -1
0 0 2129 22 20859007 20891214 1 20885820 G A 1
0 0 2146 22 30331988 30356919 -1 30289375 G A -1
0 0 2148 22 30368811 30421771 -1 30304618 T G -1
0 0 2148 22 30368811 30421771 -1 30311992 C T -1
0 0 21931 12 121795267 121803906 -1 121794133 T C 1
0 0 2211 22 38656636 38673854 1 38657377 A G -1
0 0 2211 22 38656636 38673854 1 38733994 A G -1
0 0 22369 20 25624045 25689032 1 25540438 G A -1
0 0 22369 20 25624045 25689032 1 25553895 C A -1
0 0 22369 20 25624045 25689032 1 25861014 C T 1
0 0 22532 20 35626031 35664956 -1 35819776 C T -1
0 0 22618 7 77657659 77696290 -1 77728431 A G -1
0 0 22658 17 46193566 46197842 1 45894091 G C 1
0 0 22658 17 46193566 46197842 1 45894115 T C 1
0 0 22658 17 46193566 46197842 1 45894238 C G 1
0 0 22658 17 46193566 46197842 1 45894419 A G 1
0 0 22658 17 46193566 46197842 1 45948955 T C 1
0 0 22658 17 46193566 46197842 1 46002355 A G 1
0 0 22658 17 46193566 46197842 1 46100627 C A 1
0 0 22658 17 46193566 46197842 1 46100906 C T 1
0 0 22658 17 46193566 46197842 1 46102357 T C 1
0 0 22658 17 46193566 46197842 1 46108935 T C 1
0 0 22658 17 46193566 46197842 1 46115580 C T 1
0 0 22658 17 46193566 46197842 1 46115731 C A 1
0 0 22658 17 46193566 46197842 1 46118129 G A 1
0 0 22658 17 46193566 46197842 1 46127373 T C 1
0 0 22658 17 46193566 46197842 1 46137679 T C 1
0 0 22658 17 46193566 46197842 1 46138792 T C 1
0 0 22658 17 46193566 46197842 1 46138860 A G 1
0 0 22658 17 46193566 46197842 1 46148436 C T 1
0 0 22658 17 46193566 46197842 1 46192693 A T 1
0 0 22658 17 46193566 46197842 1 46192927 G T 1
0 0 22658 17 46193566 46197842 1 46193443 A G 1
0 0 22658 17 46193566 46197842 1 46207368 G C 1
0 0 22658 17 46193566 46197842 1 46208165 G A 1
0 0 22658 17 46193566 46197842 1 46213544 A G 1
0 0 22658 17 46193566 46197842 1 46239737 T C 1
0 0 2292 22 41447830 41529273 1 41403829 G T -1
0 0 2292 22 41447830 41529273 1 41557735 A C 1
0 0 22955 15 34525095 34588503 -1 34582949 C T -1
0 0 2310 14 22893204 22919182 -1 22940700 C A 1
0 0 2310 14 22893204 22919182 -1 22940758 G A 1
0 0 2310 14 22893204 22919182 -1 22941072 T C 1
0 0 23561 2 24076526 24169640 1 24123648 C A -1
0 0 2369 14 70907405 71115382 1 70907985 G A 1
0 0 2414 20 25294742 25390835 -1 25295254 C A 1
0 0 2414 20 25294742 25390835 -1 25309907 T C -1
0 0 2414 20 25294742 25390835 -1 25398890 C T -1
0 0 24571 6 32659880 32660729 1 32529804 G A 1
0 0 24571 6 32659880 32660729 1 32531027 A C -1
0 0 24571 6 32659880 32660729 1 32604087 T G 1
0 0 24571 6 32659880 32660729 1 32604378 T C 1
0 0 24571 6 32659880 32660729 1 32604501 C A 1
0 0 24571 6 32659880 32660729 1 32609863 C G 1
0 0 24571 6 32659880 32660729 1 32610069 T C 1
0 0 24571 6 32659880 32660729 1 32610569 A G 1
0 0 24571 6 32659880 32660729 1 32622892 T A 1
0 0 24571 6 32659880 32660729 1 32623647 A G 1
0 0 24715 1 93262186 93346025 -1 93305323 G A 1
0 0 24715 1 93262186 93346025 -1 93346012 A G 1
0 0 24789 6 33075990 33089696 1 33088917 T C -1
0 0 24789 6 33075990 33089696 1 33088972 T C -1
0 0 24789 6 33075990 33089696 1 33088986 A G -1
0 0 2502 20 37101226 37179588 -1 37227269 G T 1
0 0 2519 20 23626706 23638473 -1 23622562 C T 1
0 0 2519 20 23626706 23638473 -1 23622615 A G 1
0 0 2519 20 23626706 23638473 -1 23622745 C G 1
0 0 2519 20 23626706 23638473 -1 23629671 C G 1
0 0 2530 20 45791954 45811427 1 45792043 T C 1
0 0 2530 20 45791954 45811427 1 45812051 G A 1
0 0 25630 5 473236 480884 1 442456 A C 1
0 0 25630 5 473236 480884 1 443121 C G 1
0 0 26089 1 155316863 155324176 -1 155308172 C T 1
0 0 26110 2 64143239 64257610 1 64234988 T C -1
0 0 26125 6 32254640 32407763 1 32393985 G A -1
0 0 26125 6 32254640 32407763 1 32394166 C T -1
0 0 26125 6 32254640 32407763 1 32394440 A G -1
0 0 26743 7 66654513 66685692 1 66205775 T C 1
0 0 26743 7 66654513 66685692 1 66592762 G A 1
0 0 2702 16 4616493 4690974 1 4679480 C G -1
0 0 2702 16 4616493 4690974 1 4680135 C T -1
0 0 2786 16 675671 678268 1 661582 C G 1
0 0 2831 16 19701937 19718235 -1 19735660 C T 1
0 0 2831 16 19701937 19718235 -1 19777985 A G 1
0 0 28369 2 177111036 177212662 -1 177225133 G A -1
0 0 2897 8 97775057 97853013 1 97805204 C G -1
0 0 29228 2 97416165 97433527 -1 97589830 G A -1
0 0 29228 2 97416165 97433527 -1 97590083 G C -1
0 0 29228 2 97416165 97433527 -1 97590790 G A -1
0 0 29228 2 97416165 97433527 -1 97591653 C G -1
0 0 29718 1 119140391 119275973 1 119140767 G A -1
0 0 29733 6 33064569 33080775 -1 33064570 T G -1
0 0 29733 6 33064569 33080775 -1 33064808 A C -1
0 0 29733 6 33064569 33080775 -1 33064921 G T -1
0 0 29733 6 33064569 33080775 -1 33064926 C T -1
0 0 29733 6 33064569 33080775 -1 33065011 C A -1
0 0 29733 6 33064569 33080775 -1 33065281 T C -1
0 0 29733 6 33064569 33080775 -1 33065393 T C -1
0 0 29733 6 33064569 33080775 -1 33065425 C T -1
0 0 29733 6 33064569 33080775 -1 33065574 G T -1
0 0 2975 19 49506816 49526428 1 49478786 A G -1
0 0 2975 19 49506816 49526428 1 49513222 T G -1
0 0 2975 19 49506816 49526428 1 49533313 G C -1
0 0 3014 19 7926718 7943667 -1 7982787 C T 1
0 0 3019 19 49976468 50025946 -1 49987095 C T -1
0 0 3019 19 49976468 50025946 -1 49987782 A G -1
0 0 3019 19 49976468 50025946 -1 50004104 T G -1
0 0 3019 19 49976468 50025946 -1 50025337 C T -1
0 0 3019 19 49976468 50025946 -1 50025530 T G -1
0 0 3019 19 49976468 50025946 -1 50050718 G C -1
0 0 30534 6 32756098 32763532 -1 32666529 A T 1
0 0 30534 6 32756098 32763532 -1 32666573 T C 1
0 0 30534 6 32756098 32763532 -1 32667093 A G 1
0 0 30534 6 32756098 32763532 -1 32667105 C T 1
0 0 30534 6 32756098 32763532 -1 32667106 C T 1
0 0 30534 6 32756098 32763532 -1 32667977 G T 1
0 0 30534 6 32756098 32763532 -1 32668032 T C 1
0 0 30534 6 32756098 32763532 -1 32668261 A T 1
0 0 3062 19 46674275 46717127 -1 46471345 T C 1
0 0 30701 6 135055033 135060550 1 135055271 G T -1
0 0 30916 10 35219894 35230598 -1 35373065 T G 1
0 0 30916 10 35219894 35230598 -1 35486512 G A 1
0 0 318 6 53267398 53349179 -1 53302038 T C 1
0 0 318 6 53267398 53349179 -1 53302965 A G 1
0 0 318 6 53267398 53349179 -1 53326866 C G 1
0 0 318 6 53267398 53349179 -1 53348643 C T 1
0 0 3185 7 90245174 90311063 1 90166538 G A -1
0 0 3185 7 90245174 90311063 1 90179450 T C -1
0 0 31946 6 31353872 31367067 -1 31356598 G T -1
0 0 31946 6 31353872 31367067 -1 31358303 T C -1
0 0 32373 6 155253139 155256724 -1 155248504 G C 1
0 0 32373 6 155253139 155256724 -1 155273810 T C -1
0 0 338 12 31073860 31104799 1 31073374 G A -1
0 0 338 12 31073860 31104799 1 31073901 T A -1
0 0 338 12 31073860 31104799 1 31074527 C G -1
0 0 338 12 31073860 31104799 1 31074546 G T -1
0 0 33931 2 112641832 112645720 -1 112644953 C T -1
0 0 34148 17 46511508 46556910 1 46038520 C T 1
0 0 34148 17 46511508 46556910 1 46102357 T C 1
0 0 34148 17 46511508 46556910 1 46102383 G A 1
0 0 34148 17 46511508 46556910 1 46102603 G A 1
0 0 34148 17 46511508 46556910 1 46137448 G A 1
0 0 34148 17 46511508 46556910 1 46147320 A T 1
0 0 34148 17 46511508 46556910 1 46148119 T C 1
0 0 34148 17 46511508 46556910 1 46148436 C T 1
0 0 34148 17 46511508 46556910 1 46192180 C T 1
0 0 34148 17 46511508 46556910 1 46225515 C T 1
0 0 35384 3 125827238 125916384 -1 125915982 T C -1
0 0 35384 3 125827238 125916384 -1 125916513 G C -1
0 0 35384 3 125827238 125916384 -1 125916839 A G -1
0 0 3551 17 63819433 63830012 -1 63742600 G A 1
0 0 3551 17 63819433 63830012 -1 63827364 T C 1
0 0 35655 22 20707691 20859417 -1 20750967 T C 1
0 0 35655 22 20707691 20859417 -1 20867017 A G 1
0 0 3678 4 9771153 10054936 -1 10093159 T C 1
0 0 3678 4 9771153 10054936 -1 10096352 C T 1
0 0 3678 4 9771153 10054936 -1 10107499 G A 1
0 0 3678 4 9771153 10054936 -1 10117977 G T 1
0 0 3678 4 9771153 10054936 -1 10123711 G T 1
0 0 36969 12 11548030 11590369 1 11171577 C A -1
0 0 36969 12 11548030 11590369 1 11171745 C T -1
0 0 37022 12 28163298 28190738 -1 28563872 G A 1
0 0 3774 11 61102489 61127852 1 61129867 T C -1
0 0 38226 3 126083659 126095349 1 126100956 A G -1
0 0 3901 12 70243002 70354993 1 70045072 A C 1
0 0 3901 12 70243002 70354993 1 70243049 G A 1
0 0 39158 16 28802743 28817828 1 28864161 A G -1
0 0 3925 12 103770453 103841234 -1 103772465 C T 1
0 0 40810 8 143280152 143281705 -1 143267510 G T -1
0 0 40810 8 143280152 143281705 -1 143291322 G A -1
0 0 422 11 494512 507300 -1 506826 G C -1
0 0 422 11 494512 507300 -1 518306 G C -1
0 0 422 11 494512 507300 -1 518509 G A -1
0 0 4234 3 132680609 132722432 -1 132555220 A G 1
0 0 43451 12 49127782 49188484 1 49120910 A G -1
0 0 44545 15 100372936 100437914 1 100472292 C T 1
0 0 44545 15 100372936 100437914 1 100525848 T G 1
0 0 44743 15 67290636 67521844 -1 67520824 A G -1
0 0 45380 16 2660348 2682398 -1 2663401 T C -1
0 0 45733 3 146059585 146061679 -1 146129261 A C 1
0 0 459 6 26402237 26415208 1 26402534 T C 1
0 0 459 6 26402237 26415208 1 26420802 T C 1
0 0 459 6 26402237 26415208 1 26421048 C A 1
0 0 459 6 26402237 26415208 1 26422291 T C 1
0 0 459 6 26402237 26415208 1 26440826 G A 1
0 0 45942 2 218255319 218257366 1 218259499 G A 1
0 0 46134 16 2554060 2556060 -1 2663727 C T 1
0 0 4631 1 231241207 231277973 1 231241944 C T -1
0 0 4684 1 207752037 207795513 1 207824628 C A -1
0 0 4698 1 45550543 45570049 1 45619570 G C -1
0 0 4698 1 45550543 45570049 1 45687531 G A 1
0 0 4706 1 46340789 46365152 1 46340757 A T 1
0 0 4706 1 46340789 46365152 1 46340878 C T 1
0 0 4706 1 46340789 46365152 1 46348295 C T 1
0 0 4706 1 46340789 46365152 1 46348310 G A 1
0 0 4706 1 46340789 46365152 1 46348593 C T 1
0 0 4706 1 46340789 46365152 1 46348657 T C 1
0 0 4706 1 46340789 46365152 1 46348680 G A 1
0 0 47622 17 82453181 82458521 -1 82497368 C A 1
0 0 479 17 5282265 5386340 1 5282369 T C -1
0 0 479 17 5282265 5386340 1 5419949 C T -1
0 0 4810 6 134917393 134950115 -1 135054920 T C -1
0 0 4810 6 134917393 134950115 -1 135055094 C T -1
0 0 48198 17 75587800 75626849 1 75653874 C G 1
0 0 48198 17 75587800 75626849 1 75654415 T C 1
0 0 48198 17 75587800 75626849 1 75667216 C A 1
0 0 48198 17 75587800 75626849 1 75667217 T G 1
0 0 48198 17 75587800 75626849 1 75667233 C A 1
0 0 48198 17 75587800 75626849 1 75667698 G C 1
0 0 48728 19 37548914 37587348 1 37467573 G C 1
0 0 4877 9 108942569 109013522 -1 108973312 G A -1
0 0 49064 19 21554640 21569256 -1 21587341 C A -1
0 0 49080 19 21444241 21463908 -1 21396736 T C -1
0 0 49080 19 21444241 21463908 -1 21605130 A T 1
0 0 49202 19 21569738 21587322 -1 21594045 T A -1
0 0 49397 19 7926001 7926810 1 7926376 G A 1
0 0 49571 1 149052186 149103561 -1 149103010 G A -1
0 0 49571 1 149052186 149103561 -1 149103066 G A -1
0 0 49571 1 149052186 149103561 -1 149103314 G C -1
0 0 49571 1 149052186 149103561 -1 149103346 C G -1
0 0 4974 10 98383565 98415182 -1 98415720 A G 1
0 0 4994 17 46029916 46225389 -1 45781263 A G 1
0 0 4994 17 46029916 46225389 -1 45894091 G C 1
0 0 4994 17 46029916 46225389 -1 46102603 G A 1
0 0 4994 17 46029916 46225389 -1 46207275 T G 1
0 0 4994 17 46029916 46225389 -1 46260913 G C 1
0 0 4994 17 46029916 46225389 -1 46266564 A G 1
0 0 50021 1 28239509 28241453 -1 28236029 C A -1
0 0 5024 5 140664868 140674124 1 140700713 T C -1
0 0 50481 10 35314552 35336401 -1 35441961 G A 1
0 0 50481 10 35314552 35336401 -1 35462969 C T 1
0 0 51107 6 25992641 26001775 1 26056480 C T -1
0 0 51107 6 25992641 26001775 1 26056710 A G -1
0 0 5144 12 21437615 21471250 1 21437687 T C -1
0 0 5144 12 21437615 21471250 1 21437854 C A -1
0 0 5161 3 123201927 123274136 1 123258787 G A -1
0 0 51730 20 62386299 62387000 -1 62386309 T C -1
0 0 52045 12 121800797 121803830 1 121794133 T C 1
0 0 52077 9 66856426 66932141 1 66900518 A G -1
0 0 52283 6 26224199 26227473 1 26189296 G C 1
0 0 52283 6 26224199 26227473 1 26197265 C A 1
0 0 52283 6 26224199 26227473 1 26205272 C T 1
0 0 52283 6 26224199 26227473 1 26205490 T C 1
0 0 5280 7 5898725 5926550 1 5898332 G A 1
0 0 53 3 49940007 50100045 1 49724172 C T 1
0 0 53459 12 132593031 132593698 -1 132649573 T C 1
0 0 54549 6 99520976 99589899 1 99568364 A G -1
0 0 5472 20 49113339 49188367 -1 48983153 C T 1
0 0 5472 20 49113339 49188367 -1 49046090 G C 1
0 0 5472 20 49113339 49188367 -1 49110804 A G -1
0 0 5509 17 20999596 21043760 -1 21023282 A C -1
0 0 5509 17 20999596 21043760 -1 21028347 G T -1
0 0 5525 6 26383096 26394874 1 26364400 A C -1
0 0 5525 6 26383096 26394874 1 26364702 T C -1
0 0 5525 6 26383096 26394874 1 26365451 T G -1
0 0 5525 6 26383096 26394874 1 26365538 T C -1
0 0 5525 6 26383096 26394874 1 26365685 G T -1
0 0 5525 6 26383096 26394874 1 26402489 T C -1
0 0 5525 6 26383096 26394874 1 26501540 C T -1
0 0 5525 6 26383096 26394874 1 26537573 G A -1
0 0 5539 6 42963865 42979181 -1 42947665 T C 1
0 0 5546 6 27374615 27403908 1 27388414 G C 1
0 0 5546 6 27374615 27403908 1 27389529 T C 1
0 0 5609 13 100603625 100675093 -1 100674991 C G 1
0 0 5618 5 132440440 132508719 -1 132491183 T C 1
0 0 57212 1 150173049 150181429 1 150066990 G A 1
0 0 57212 1 150173049 150181429 1 150151572 G T 1
0 0 5768 20 35455164 35519280 1 35664060 G C 1
0 0 5768 20 35455164 35519280 1 35664934 G A 1
0 0 58692 4 6985913 6987052 -1 6954195 C G 1
0 0 5873 9 92613183 92670131 -1 92482961 A G 1
0 0 58861 19 9435590 9462529 1 9435784 C T -1
0 0 59346 3 39292556 39384300 -1 39384266 C T 1
0 0 59346 3 39292556 39384300 -1 39414742 A G 1
0 0 59720 11 78223815 78225909 1 78257628 A C -1
0 0 59720 11 78223815 78225909 1 78549115 C T 1
0 0 59720 11 78223815 78225909 1 78564885 G T 1
0 0 59720 11 78223815 78225909 1 78574051 T G 1
0 0 59720 11 78223815 78225909 1 78574830 A T 1
0 0 6009 22 45413693 45432509 1 45435345 G C -1
0 0 601 5 138610967 138935034 1 138936458 T C 1
0 0 601 5 138610967 138935034 1 138936560 T C 1
0 0 601 5 138610967 138935034 1 138937159 C T 1
0 0 60421 9 124868229 124869079 -1 124853697 G A 1
0 0 60543 1 45583238 45583933 -1 45620405 C T 1
0 0 60543 1 45583238 45583933 -1 45629600 T C -1
0 0 60543 1 45583238 45583933 -1 45634706 A T -1
0 0 60543 1 45583238 45583933 -1 45687876 C T -1
0 0 60543 1 45583238 45583933 -1 45751050 A G -1
0 0 6213 8 21919662 22006585 1 22010323 A G -1
0 0 6320 1 28236109 28246906 1 28233183 A G -1
0 0 6320 1 28236109 28246906 1 28235495 G A -1
0 0 6402 1 40072710 40097260 -1 40097321 T C -1
0 0 6427 5 180784780 180815652 -1 180802966 G A -1
0 0 6427 5 180784780 180815652 -1 180803104 G T -1
0 0 6538 2 86143932 86195472 -1 86223017 C T -1
0 0 6761 5 146110566 146182696 -1 146082033 A C 1
0 0 6761 5 146110566 146182696 -1 146183002 G A 1
0 0 6885 10 11742366 11764070 1 11742970 G A -1
0 0 6924 1 52408282 52553487 -1 52351287 T C 1
0 0 6924 1 52408282 52553487 -1 52603791 G A 1
0 0 7138 1 183023420 183145592 1 183097119 T G -1
0 0 7165 2 105264391 105329735 -1 105262065 C T -1
0 0 7166 2 108449107 108509415 1 108620833 T G -1
0 0 7166 2 108449107 108509415 1 108663527 A T -1
0 0 7199 13 48053323 48095131 -1 48126923 G C 1
0 0 7316 9 129827290 129835863 -1 129824189 C T -1
0 0 7531 15 45252234 45277846 1 45279011 C G 1
0 0 7531 15 45252234 45277846 1 45279188 G A 1
0 0 7531 15 45252234 45277846 1 45279470 A G 1
0 0 7531 15 45252234 45277846 1 45279855 C A 1
0 0 7621 10 68414064 68472121 -1 68156954 A G -1
0 0 7651 3 101324205 101513241 -1 101513892 T C -1
0 0 7695 4 119494397 119628804 -1 119454627 C T -1
0 0 7695 4 119494397 119628804 -1 119454682 A G -1
0 0 7699 4 76107562 76148485 -1 76147943 G A 1
0 0 7699 4 76107562 76148485 -1 76148060 C G 1
0 0 7699 4 76107562 76148485 -1 76148526 G T 1
0 0 7699 4 76107562 76148485 -1 76148630 G C 1
0 0 7699 4 76107562 76148485 -1 76148806 G T 1
0 0 7703 4 76949751 77040384 1 76985469 C A -1
0 0 7929 15 76347904 76905444 -1 76472447 T C 1
0 0 7929 15 76347904 76905444 -1 76904612 G A 1
0 0 794 16 2911931 2951208 1 2919820 G T -1
0 0 8019 16 668100 674174 1 690466 A G 1
0 0 8019 16 668100 674174 1 690682 C T 1
0 0 8024 16 2537979 2603188 1 2501794 C T 1
0 0 8024 16 2537979 2603188 1 2502118 G A 1
0 0 8044 17 18840085 18931287 1 18886411 A G 1
0 0 8044 17 18840085 18931287 1 18889748 C T 1
0 0 8113 17 82458180 82490537 1 82458501 C G -1
0 0 8136 17 41825057 41836260 -1 41872288 A G -1
0 0 815 1 26787054 26800659 1 26771828 G A -1
0 0 815 1 26787054 26800659 1 26787521 T C -1
0 0 815 1 26787054 26800659 1 26827212 A G 1
0 0 8183 21 33432485 33479974 -1 33413366 G T -1
0 0 8366 1 150960583 150975003 -1 150696938 T G 1
0 0 8484 2 73729104 73737400 -1 73642669 C G -1
0 0 8484 2 73729104 73737400 -1 73642780 T C -1
0 0 8484 2 73729104 73737400 -1 73717145 C T -1
0 0 8484 2 73729104 73737400 -1 73728987 T C -1
0 0 8643 4 979073 993440 -1 987183 T G -1
0 0 8663 4 102868974 102892807 1 102791052 C G -1
0 0 8742 5 151771045 151812911 1 151771040 C G -1
0 0 8742 5 151771045 151812911 1 151771041 T G -1
0 0 8803 6 87513459 87590028 -1 87702172 A G 1
0 0 9092 10 87050202 87094843 -1 87082856 T C 1
0 0 911 6 34792083 34877514 1 34673638 G C 1
0 0 911 6 34792083 34877514 1 34757881 G T 1
0 0 911 6 34792083 34877514 1 34792451 C T 1
0 0 911 6 34792083 34877514 1 34792548 T C 1
0 0 911 6 34792083 34877514 1 34793179 C G 1
0 0 911 6 34792083 34877514 1 34836170 C T 1
0 0 9136 11 34853094 34916379 -1 34915939 G C -1
0 0 9136 11 34853094 34916379 -1 34916652 C G -1
0 0 9136 11 34853094 34916379 -1 34925493 C T -1
0 0 9136 11 34853094 34916379 -1 34925949 A G -1
0 0 9139 11 32583798 32606264 1 32792927 C T -1
0 0 9144 11 57325986 57335892 -1 57294643 C T -1
0 0 9146 11 47980425 48170839 1 48080798 T C -1
0 0 9174 11 74235801 74311640 -1 74326542 A G -1
0 0 9341 12 109477402 109536705 1 109519327 G A 1
0 0 9404 10 4987775 5018031 -1 5003612 C A 1
0 0 9483 18 46080248 46104334 -1 46071167 A G 1
0 0 9629 16 4461691 4495763 -1 4523039 A G -1
0 0 9729 8 11769639 11787345 1 11769705 C A 1
0 0 9948 10 102714538 102743492 1 102759712 A G 1
0 0 9949 14 103912288 103928269 -1 103921813 G C -1
0 0 9992 8 123416726 123470028 1 123450445 A G -1
0 0 9992 8 123416726 123470028 1 123450504 T A -1
0 0 9992 8 123416726 123470028 1 123451071 G A -1
0 0 9992 8 123416726 123470028 1 123451932 C T -1
1 0 10246 8 22089150 22104911 1 22089703 A C -1
1 0 10363 17 1003519 1229738 -1 1179789 A G -1
1 0 10417 21 43719094 43762307 1 43741018 G C 1
1 0 10732 1 2184461 2212720 -1 2189679 C T 1
1 0 10763 1 91260766 91404856 -1 91404573 G A -1
1 0 10763 1 91260766 91404856 -1 91404853 G C 1
1 0 10855 2 55172547 55232563 -1 55232237 T G 1
1 0 10952 2 237324003 237414328 -1 237355421 T C 1
1 0 11022 3 19879472 19947025 -1 19946945 G C 1
1 0 11613 10 75210154 75231448 1 75210855 G C -1
1 0 11627 9 136375567 136400176 -1 136363451 G A 1
1 0 11962 15 90954881 90963125 1 90957066 T C -1
1 0 11996 9 128340527 128361470 1 128340767 C T 1
1 0 12602 2 112368369 112434488 -1 112433654 G C 1
1 0 12834 7 102479976 102517777 -1 102649565 T C 1
1 0 129 17 50543058 50555852 1 50547162 A C -1
1 0 13298 10 45727200 45792964 1 45727041 C G -1
1 0 13400 11 67056847 67072017 1 67056790 C T -1
1 0 13930 6 113904132 113921642 1 113904066 G A 1
1 0 14092 5 179550554 179610012 1 179607367 G A 1
1 0 14153 11 695591 705028 1 704922 C T -1
1 0 14228 12 630858 664196 1 643194 G A 1
1 0 14518 19 57803841 57814913 -1 57803905 G A 1
1 0 15314 19 52860851 52897693 -1 52897507 C A -1
1 0 15385 1 86862445 86914424 -1 86914303 T C 1
1 0 15942 22 19432545 19436075 1 19432783 C G -1
1 0 15988 19 1505022 1513604 -1 1507536 T C -1
1 0 15996 21 37062846 37073170 -1 37072590 A G -1
1 0 16131 1 179082070 179098023 1 179082871 G T 1
1 0 16175 5 82273320 82278396 -1 82307625 G A 1
1 0 16234 22 23179704 23318037 1 23306726 T G -1
1 0 16599 19 9323772 9351162 1 9324196 C T -1
1 0 16860 1 1659529 1692795 -1 1658830 C G -1
1 0 17426 12 56041351 56044697 1 56042145 C G -1
1 0 17810 16 55802851 55833337 -1 55832988 T C -1
1 0 17810 16 55802851 55833337 -1 55832988 T C 1
1 0 1873 1 20499448 20508151 -1 20508117 C A 1
1 0 19682 1 23380909 23424748 -1 23383982 C T -1
1 0 19809 6 31114750 31140092 1 31356870 T C 1
1 0 1990 22 17178790 17258235 -1 17199629 A C 1
1 0 19909 2 74918148 74938418 1 74958729 G T 1
1 0 2248 22 43166622 43187134 -1 43187592 T C -1
1 0 22553 17 76527586 76553578 1 76544835 A C 1
1 0 23100 1 161037631 161038977 -1 161038745 C G 1
1 0 25158 13 21302862 21362139 -1 21298170 C G 1
1 0 25459 17 81239305 81241310 1 81239762 T C -1
1 0 2551 18 12991362 13125052 1 12991394 T C -1
1 0 25693 2 3481242 3482409 -1 3469956 T C -1
1 0 25824 9 72305367 72356721 1 72315645 G A 1
1 0 2621 23 48890197 48903402 1 48891182 C T 1
1 0 2774 16 16232506 16300806 1 16232314 G A -1
1 0 27960 17 46274784 46361766 -1 46044213 T C 1
1 0 29381 2 74940258 74942670 1 74958729 G T 1
1 0 29733 6 33064569 33080775 -1 33075743 C G 1
1 0 31929 16 11927259 11976643 -1 11976565 T C -1
1 0 31946 6 31353872 31367067 -1 31358015 A G -1
1 0 32700 3 29054570 29290726 -1 29280806 A C -1
1 0 32902 2 74919555 74924846 -1 74958729 G T 1
1 0 3293 7 7156934 7248616 1 7237584 C G 1
1 0 3305 7 130393771 130442433 -1 130393789 C T 1
1 0 3363 9 111549722 111599893 -1 111599137 A G -1
1 0 3363 9 111549722 111599893 -1 111599379 G C -1
1 0 33929 2 70887871 70889959 1 70888369 T G 1
1 0 34148 17 46511508 46556910 1 46044213 T C 1
1 0 36896 11 78139756 78175323 1 78139778 C T -1
1 0 3704 11 20363685 20383782 1 20364060 G A 1
1 0 37594 5 1931064 2119926 1 1950229 C T -1
1 0 3816 12 30709552 30823302 -1 30822535 C A -1
1 0 38593 2 46490750 46542577 -1 46541996 T C -1
1 0 402 11 94415570 94493885 -1 94493786 C T 1
1 0 44545 15 100372936 100437914 1 100373385 A C 1
1 0 45491 22 46761893 46762564 -1 46762547 T C -1
1 0 46842 18 5237826 5290608 1 5237824 G A 1
1 0 46895 17 38925614 38929381 1 38925828 A C 1
1 0 47826 17 64943262 64951054 1 64966066 C T 1
1 0 48198 17 75587800 75626849 1 75749529 A G -1
1 0 48276 19 44631573 44725217 -1 44718495 T C -1
1 0 48277 19 19757366 19776423 -1 19776299 C T -1
1 0 4915 14 94127779 94130253 -1 94129652 T C -1
1 0 49397 19 7926001 7926810 1 7926794 T A 1
1 0 49571 1 149052186 149103561 -1 149103446 T A -1
1 0 4994 17 46029916 46225389 -1 46044213 T C 1
1 0 50350 7 20328289 20331781 -1 20331650 C G -1
1 0 51007 6 3068045 3068894 -1 3068823 C T -1
1 0 51108 6 708592 711460 -1 711150 A C 1
1 0 52031 1 149175748 149259987 1 149102863 G C -1
1 0 5280 7 5898725 5926550 1 5898318 T C 1
1 0 53252 10 121956782 121957098 1 121928637 A T -1
1 0 543 4 177430774 177442437 -1 177442224 G A 1
1 0 54895 16 84917377 84924808 -1 84924948 G T -1
1 0 54895 16 84917377 84924808 -1 84925346 T A -1
1 0 5694 19 45815410 45863194 -1 45816157 G C 1
1 0 57135 2 160257716 160271880 -1 160270221 A C -1
1 0 57176 12 30795458 30879268 1 30822535 C A -1
1 0 57300 11 3057538 3064707 1 3057655 T G 1
1 0 57981 10 63630672 63655769 1 63630874 T C -1
1 0 5832 12 6666477 6689572 -1 6689466 A C 1
1 0 58738 2 131647990 131767404 1 131682500 G C 1
1 0 59171 3 72738906 72740541 1 72738843 T C 1
1 0 59581 11 88337839 88428548 1 88337904 A G 1
1 0 59897 8 98045653 98047471 1 98046165 A C 1
1 0 59966 16 78608488 78613931 1 78608516 C G 1
1 0 6009 22 45413693 45432509 1 45413743 C A -1
1 0 6147 14 20365667 20413501 -1 20413368 T C -1
1 0 6236 6 106629578 106668417 1 106629627 G A -1
1 0 6307 16 634427 636366 -1 636337 G A 1
1 0 6573 17 75845699 75856507 -1 75848667 A G 1
1 0 6785 14 91060333 91225632 1 91352566 C A 1
1 0 6828 1 109733932 109741038 -1 109740350 G T 1
1 0 6861 2 11677595 11827409 1 11784824 T C 1
1 0 7109 16 82147798 82170224 -1 82170181 C G -1
1 0 7120 1 233614106 233672514 1 233668236 C G -1
1 0 7224 7 6577434 6589374 1 6577616 C G 1
1 0 772 10 5765223 5842132 -1 5813440 G C 1
1 0 780 1 183186238 183245127 1 183186170 G A 1
1 0 786 1 16740273 16972964 1 16889585 T C 1
1 0 8016 16 84191138 84197168 1 84185706 G C 1
1 0 8174 21 45981770 46005050 1 46000809 G C 1
1 0 8295 1 165662216 165698562 -1 165698544 T G -1
1 0 8314 1 165631213 165661796 1 165632229 G A 1
1 0 833 3 195863364 195911945 -1 195895427 T C 1
1 0 8399 1 153992690 154155116 -1 154155073 C G 1
1 0 8592 3 45555394 45686341 1 45635906 G A 1
1 0 8608 3 113211003 113287459 1 113212058 T G -1
1 0 9058 9 136992422 136993984 1 136992590 G C 1
1 0 909 16 2025356 2039026 1 2039005 G A 1
1 0 9238 16 30085793 30091924 -1 30091839 C A -1
1 0 9416 2 9488486 9556732 -1 9555777 A G -1
1 0 943 19 2997639 3047635 -1 3047562 C T -1
1 0 9541 2 70808643 70820599 -1 70888369 T G -1
1 0 9699 11 124865432 124881471 1 124882604 G T 1
1 0 9791 3 133824235 133895882 -1 133895902 G A -1
1 0 9921 1 111117163 111140203 -1 111139496 C T -1
